0 1091
0 1526
1 3058
1 3053
2 5
2 6
3 2950
4 6
5 6
7 10
7 9
8 10
9 10
11 1190
11 2520
12 170
12 119
13 1523
13 1513
14 183
14 71
15 134
15 140
16 64
16 90
17 180
17 73
18 57
18 148
19 93
19 21
20 87
20 21
21 93
22 151
22 186
23 179
23 48
24 162
24 115
25 157
25 140
26 87
26 32
27 180
28 156
28 149
29 50
29 92
30 2794
30 2818
31 151
31 188
32 87
33 159
33 134
34 795
34 563
35 39
35 42
36 42
37 38
37 40
38 40
38 39
39 42
41 913
41 2903
43 126
43 57
44 396
44 71
45 691
45 2688
46 159
46 110
47 185
47 315
48 112
49 467
49 965
50 143
50 145
51 57
51 149
52 588
52 1259
53 59
53 57
54 87
55 87
56 162
56 71
57 163
58 163
59 172
59 186
60 518
60 914
62 159
62 89
63 152
63 87
64 90
65 119
65 73
66 180
67 166
67 178
68 1565
68 707
68 2684
69 122
69 88
70 2480
70 104
71 159
71 1190
72 2516
72 1551
73 180
74 89
74 143
75 159
75 118
76 155
76 141
77 956
77 2818
78 159
78 79
79 143
80 159
80 544
81 185
81 131
82 183
83 180
84 2939
84 113
85 2832
85 2818
86 1081
86 254
88 2516
89 159
91 149
94 134
94 160
95 119
95 120
96 2818
96 2820
97 956
97 2794
98 139
98 144
99 2664
99 100
100 131
101 180
101 2529
102 159
102 111
104 135
104 2480
105 184
106 2731
106 1585
107 171
108 243
108 241
109 169
110 159
110 145
111 159
112 179
113 2201
114 159
115 162
116 133
117 1879
117 1631
118 156
119 170
120 180
121 689
121 165
122 223
123 186
124 2524
124 2531
125 156
126 156
127 608
128 186
129 159
130 140
130 160
132 563
134 159
135 141
137 1338
137 2513
138 1382
138 639
141 155
142 170
143 157
144 169
145 159
146 181
146 188
147 1163
147 1998
149 156
150 177
151 164
151 181
153 160
154 157
158 186
161 171
162 176
162 2587
164 181
165 689
166 178
167 178
168 174
171 175
173 180
174 1190
176 935
176 196
178 180
185 240
187 2639
187 2696
190 808
190 926
191 795
191 2903
192 3066
192 975
193 1190
193 819
194 1633
194 1595
195 866
195 775
196 467
196 2587
197 339
197 926
198 317
198 1190
199 535
199 1210
200 2639
201 2959
201 2818
202 2806
203 535
203 494
204 2928
204 2900
205 819
205 2959
206 2679
206 2078
207 2785
207 1920
208 2884
208 787
209 935
209 2959
210 302
211 529
211 795
212 1633
212 2818
213 935
213 2818
214 2639
214 2598
215 238
215 251
216 2541
217 2541
217 2480
218 467
218 229
219 704
219 242
220 2480
220 2541
221 2664
221 1515
222 251
222 228
223 2480
224 225
226 228
226 244
227 245
227 249
228 231
228 238
229 467
229 570
231 238
232 1382
232 2713
233 244
234 237
235 249
236 1163
236 1259
238 251
239 247
240 1048
240 1002
241 2541
242 704
243 367
244 247
245 247
246 249
247 251
248 2582
248 1998
250 2525
250 2935
252 1386
252 2125
253 2691
253 262
254 2664
254 1081
255 2722
255 256
256 2232
256 2691
257 264
258 1149
259 2219
259 260
260 2888
260 1366
261 2678
261 2691
262 2208
262 2691
263 1565
263 707
263 2684
265 2480
265 2691
266 2208
267 2678
267 2691
268 1386
268 2691
269 795
269 829
270 1046
270 297
271 2723
271 2907
272 2818
272 2919
273 521
273 470
274 2532
274 2717
275 1633
275 2818
276 1190
276 2919
277 1427
277 608
278 1292
278 608
279 2905
279 2744
280 2818
280 1728
281 2942
281 2818
282 2880
282 2900
283 1064
283 1427
284 1035
284 1686
285 2818
286 2818
286 302
287 1048
287 1012
288 327
288 326
289 2894
289 2752
290 2959
290 921
291 2949
291 2900
292 517
292 928
294 1048
294 1073
295 467
295 453
296 838
296 1190
298 1048
298 1728
299 1633
299 1526
300 2723
300 2594
301 1190
301 2630
302 795
302 2818
303 1752
304 2534
305 2818
305 1633
306 1605
306 2818
307 2942
307 2818
308 467
309 316
309 2880
310 2837
311 2806
311 2905
312 467
312 2818
313 2818
313 521
314 2865
314 929
315 866
315 821
316 2900
316 2880
317 1190
318 1190
319 1002
319 1759
320 795
320 2679
321 1190
322 1618
322 1590
323 2769
323 1292
324 2922
324 2870
325 2959
326 1633
326 327
327 2959
327 1633
328 1633
328 330
329 356
329 337
330 331
330 343
331 356
331 343
332 355
333 344
334 356
334 344
335 1028
335 1066
336 339
336 343
337 356
338 2959
338 343
339 672
339 2598
340 2696
340 2578
341 1217
341 2774
342 1066
342 959
343 356
345 521
345 2975
346 349
347 1495
349 356
350 753
350 2598
351 1495
351 1073
353 2532
353 1190
355 356
357 2818
357 3009
358 1105
358 1257
359 1550
359 1513
360 1091
360 2904
361 1003
361 2818
362 795
362 2963
363 1083
363 1081
364 461
364 379
365 2722
365 2679
366 1190
366 1260
367 389
367 368
368 384
369 2642
369 447
370 805
370 1581
371 2818
371 2578
372 2383
372 2450
373 374
373 383
374 383
375 2642
376 1105
376 1257
377 447
378 2679
379 461
380 2451
380 2370
382 1879
382 487
383 2475
385 2645
385 2679
386 795
386 2475
387 861
387 805
388 2451
388 2450
390 2900
390 2768
391 1257
392 2572
393 1565
393 707
393 2684
394 2900
394 2837
396 821
397 2645
397 2525
398 399
400 784
400 2959
401 486
401 453
402 2818
402 1585
403 498
403 553
404 548
404 533
405 1526
406 421
406 498
407 467
407 1543
408 545
408 533
409 570
409 467
410 463
410 464
411 471
411 563
412 453
413 506
413 422
414 542
414 521
415 467
415 1046
416 434
416 467
417 467
417 422
418 478
418 557
419 446
419 561
420 424
421 512
421 445
422 434
422 1056
423 2922
423 1573
424 478
426 565
426 567
427 436
427 434
428 2995
428 535
429 447
430 544
430 2766
431 446
431 437
432 591
432 447
433 517
433 521
434 2995
434 467
435 563
435 447
436 2914
437 468
438 533
439 486
439 453
440 446
441 551
441 451
442 545
443 462
443 444
445 512
446 561
446 490
447 1190
447 563
448 549
448 483
449 565
449 452
450 558
450 465
451 551
452 602
452 565
454 535
455 2608
456 486
457 542
457 473
458 2818
458 521
459 498
459 2995
460 498
461 468
462 542
463 483
466 2608
466 3034
467 998
469 965
470 509
471 541
471 563
472 479
473 521
473 494
474 521
475 535
475 521
476 535
476 498
477 2723
477 2704
478 557
479 535
481 552
481 2792
482 542
482 559
483 549
484 558
485 965
485 563
486 558
487 1526
487 2794
488 795
489 522
489 560
490 561
491 498
492 2643
492 496
493 512
493 525
494 521
496 503
497 565
498 535
499 553
499 516
500 784
500 795
501 503
502 565
502 563
503 573
506 2942
507 2794
507 2744
509 545
509 521
510 538
510 517
511 604
513 548
513 3010
514 521
514 529
515 544
516 553
517 538
518 2818
518 2717
519 560
522 560
524 2981
524 543
525 561
527 795
528 2717
529 538
530 565
530 563
531 535
534 535
537 542
537 544
539 2661
539 2526
540 557
541 563
544 1190
544 795
550 3044
550 2598
552 2995
554 2979
555 570
556 780
565 790
568 1565
568 707
568 2684
569 663
569 575
570 2995
571 612
572 604
574 586
574 575
575 586
576 581
577 583
577 578
578 583
579 612
579 633
580 593
581 586
582 1565
582 707
582 2684
583 587
585 610
585 642
588 1565
588 707
588 2684
589 1543
589 1509
590 2525
591 658
591 592
592 653
593 680
594 675
594 596
595 596
596 628
597 612
598 657
598 658
599 657
599 658
600 603
600 605
601 603
601 605
602 603
602 605
603 605
604 605
607 666
607 674
608 2903
608 2818
609 668
609 666
610 637
611 663
611 666
612 641
612 628
614 622
615 663
615 666
616 649
616 668
617 666
617 668
618 622
618 623
619 2806
619 2856
620 666
620 628
621 628
621 663
622 667
622 628
623 673
625 681
626 666
626 663
627 670
627 642
628 665
629 668
632 635
632 638
634 2840
634 1614
634 864
635 638
637 669
637 649
639 1565
639 707
639 2684
642 668
645 666
646 649
646 648
647 649
648 652
648 649
650 2034
650 2119
653 658
654 1514
655 665
655 673
656 658
656 657
657 1569
657 658
658 684
659 670
660 664
660 666
661 1633
661 1190
662 677
662 665
663 666
664 666
664 674
668 677
669 673
670 678
671 678
671 681
672 2949
672 2818
681 682
685 2524
685 2480
686 1633
686 2818
687 704
687 2405
688 784
688 777
690 699
691 2307
691 2524
692 703
692 2577
693 2942
693 2818
694 2556
694 2480
695 2524
695 2480
696 2544
696 2480
697 2480
697 2524
698 2480
698 705
699 2480
700 1921
700 2660
701 2480
702 2480
702 2524
703 2577
703 2480
704 2556
704 2405
705 2524
705 715
706 2574
706 2575
707 1565
707 2684
708 710
708 2480
709 720
710 715
711 816
711 2723
712 2531
712 2524
713 2448
714 1163
714 1480
716 2480
716 717
717 2480
718 2556
719 2480
720 2531
720 2480
721 2541
721 2544
722 2880
722 2837
723 2345
724 2423
724 1653
725 1526
726 2499
726 1526
727 2949
727 2924
728 1585
728 2401
729 2935
729 940
730 2818
730 1585
731 2723
731 2818
732 2818
733 762
733 833
734 2783
734 2741
735 2922
735 2624
736 866
737 1200
737 2818
738 1745
738 1794
739 2832
739 1677
740 762
740 833
741 940
741 829
742 2880
743 1427
744 2354
744 838
745 838
745 1190
746 815
746 862
747 1397
747 1406
748 2818
748 880
749 1744
749 1479
750 2818
751 763
751 852
752 759
752 1610
753 1046
754 1736
754 2818
755 882
755 839
756 1812
756 838
757 821
758 1190
758 838
759 1589
759 776
760 867
760 855
761 1190
761 2832
762 833
763 851
763 867
764 838
764 921
765 2379
765 2366
766 2427
766 2475
767 1562
767 2818
768 2324
768 833
769 867
770 1397
770 2318
771 1479
771 838
772 2832
772 1190
773 2818
773 795
774 795
774 829
775 866
775 1606
777 2785
777 1633
778 787
779 2387
779 1589
780 784
781 784
782 790
783 795
783 784
784 1190
785 1526
785 2818
786 2392
787 2630
787 1190
789 2820
791 877
791 882
792 2818
792 1526
793 826
793 867
794 1736
794 1746
795 1526
795 2818
796 1526
797 2818
797 1526
798 2942
798 2818
799 2387
799 2857
800 826
800 810
801 2818
801 2942
802 2818
803 990
803 1686
804 866
804 821
805 821
806 866
807 1526
808 926
808 2922
809 1479
810 849
811 2323
812 1613
812 2959
813 843
813 2975
814 1190
815 855
816 2818
817 2818
818 855
819 1633
819 1479
820 857
821 866
822 838
822 2475
823 824
825 2886
825 2818
826 867
827 1190
828 2942
828 2818
829 2876
830 1526
831 2837
832 2841
832 2818
834 2475
835 1754
835 1653
836 1653
837 2266
838 1190
839 877
840 2560
841 2328
841 854
842 877
842 882
843 2900
843 929
844 1190
845 2818
846 1526
846 1190
847 2210
847 926
848 1479
850 1752
851 867
853 1785
853 854
854 1562
855 867
856 928
856 885
857 2034
858 2818
859 2905
859 2907
860 1864
860 1863
861 866
862 867
863 2818
864 2840
864 1614
865 2818
865 1190
869 2125
869 1427
871 1785
872 1640
873 998
874 2766
875 2818
875 2857
876 1526
876 2818
880 2818
881 2818
883 2774
883 1382
885 1003
886 1190
886 2818
888 2818
888 1091
890 2119
891 2860
892 2791
893 2520
893 898
895 2664
895 900
896 899
896 898
897 901
898 1190
898 899
901 906
903 1526
903 2818
904 2832
904 1190
905 2794
905 1035
907 911
908 926
908 2210
910 2949
910 921
911 1633
911 2959
912 2950
913 1601
913 2717
914 956
914 2794
915 1348
916 1292
917 1809
917 1761
918 2959
918 2532
919 926
919 2717
920 2818
920 921
921 2959
921 2818
922 2830
922 1292
923 1292
923 940
924 2942
925 2856
925 1292
926 2922
926 2818
927 940
927 2830
929 2818
930 1758
930 1800
931 1638
931 1789
932 938
933 2818
933 2965
934 937
935 2959
935 1633
936 1386
936 1072
937 2532
937 2816
940 2900
940 2865
941 2578
941 2717
942 2880
943 2741
943 1190
944 1076
945 2900
945 949
946 2944
947 2900
947 2818
948 2900
948 2818
949 1105
949 1074
950 1495
950 1002
951 2818
951 1149
952 1686
953 1763
953 1664
954 1857
954 2860
955 1076
956 2942
956 2794
957 1109
957 1105
958 2900
959 1048
959 1073
960 1048
960 2818
961 2687
961 2673
962 997
962 978
963 1190
964 1683
964 1687
965 998
966 2794
966 2818
967 2942
967 1633
968 2900
968 1057
969 2818
969 1605
970 1043
970 1042
971 3043
971 1043
972 2818
972 1048
973 984
973 1467
975 1779
976 1048
977 2900
977 987
978 997
979 2880
981 1048
981 990
982 1048
982 2818
983 2127
983 2168
984 2818
984 1003
985 1012
986 1086
987 2900
988 989
988 2173
989 2173
989 2170
990 1048
990 1045
991 1282
992 2818
992 2900
993 1048
993 1012
994 2900
995 997
996 2900
998 1046
999 2594
999 2503
1000 2660
1000 1076
1001 2818
1002 1048
1003 1048
1004 2942
1004 2818
1005 1006
1005 1010
1006 1010
1007 1105
1007 2900
1009 1048
1009 1014
1011 1048
1013 1122
1013 1236
1014 1048
1015 1495
1015 1073
1016 2900
1018 2546
1019 1048
1020 2744
1021 2900
1021 3015
1022 1495
1022 1073
1023 1073
1024 1190
1024 2900
1026 2818
1027 1062
1028 1495
1029 1211
1029 1318
1030 1263
1030 1149
1031 2818
1032 1686
1032 1706
1033 1048
1033 2900
1034 1048
1035 2794
1036 1073
1036 1048
1037 1048
1038 2818
1038 2794
1039 1263
1039 1190
1040 2900
1042 3043
1043 1048
1043 3043
1044 1060
1044 3043
1045 1048
1047 2900
1048 1073
1049 1066
1050 1279
1052 1190
1053 2125
1053 1292
1054 2840
1054 1614
1055 1105
1057 2900
1058 1076
1059 2919
1059 2818
1060 3043
1061 1518
1061 2532
1063 2693
1063 2159
1064 1526
1064 1633
1065 2458
1067 2660
1067 2794
1069 2818
1070 1565
1070 2684
1072 2837
1073 1495
1076 2818
1078 1523
1078 1083
1079 1545
1079 2767
1080 2660
1080 1089
1081 2532
1081 2678
1082 2767
1082 2870
1083 1523
1084 1086
1084 1096
1085 2664
1085 2532
1086 1096
1088 2664
1089 2818
1090 2818
1090 2660
1091 1526
1092 2907
1093 1550
1094 1499
1095 2818
1097 1111
1097 1196
1098 1264
1098 1285
1099 1263
1099 2900
1100 1565
1100 2684
1101 1105
1101 2712
1102 1221
1103 1170
1103 1254
1104 1105
1104 2900
1105 2900
1105 1257
1106 2900
1106 1203
1107 1176
1107 1211
1108 2775
1108 1164
1109 2900
1109 1263
1110 1264
1110 1263
1111 1278
1111 1133
1113 2818
1113 2942
1114 2694
1115 2900
1116 2818
1116 2900
1117 1263
1118 1263
1118 1260
1119 1289
1119 1264
1120 2712
1120 1248
1121 1572
1121 2391
1122 1237
1123 1286
1123 1206
1124 2712
1124 1250
1125 2818
1125 2900
1126 1279
1126 1128
1127 1214
1128 2900
1128 1263
1129 2928
1129 2900
1130 1250
1130 1138
1131 1479
1132 2773
1132 1261
1133 1222
1134 1153
1135 1266
1135 1274
1136 1709
1136 1206
1137 2818
1137 2900
1138 1196
1138 1205
1139 2173
1139 1241
1140 2900
1141 2900
1141 1274
1142 1264
1143 1266
1144 1211
1145 1290
1145 1158
1146 2900
1146 1264
1147 1263
1148 1257
1149 1260
1149 1263
1150 1210
1150 1291
1151 1441
1151 2900
1152 1573
1153 2900
1154 2900
1155 1222
1155 1278
1156 1264
1156 1263
1157 1176
1157 1158
1159 1290
1159 1165
1160 1161
1160 1214
1161 1162
1163 1565
1163 2684
1164 2775
1165 2900
1166 1290
1166 1176
1167 1362
1167 1249
1168 2936
1168 2900
1169 1264
1170 1196
1170 2900
1171 1565
1171 2684
1172 1264
1172 1226
1173 1260
1173 1263
1174 1263
1174 1264
1175 2928
1175 2900
1176 1318
1176 2900
1177 1211
1177 1266
1178 1250
1178 1189
1179 1263
1179 1264
1180 2233
1180 1508
1181 1245
1181 1202
1182 2900
1183 1264
1184 1260
1184 1257
1185 1221
1185 2900
1186 1192
1187 1193
1187 1207
1188 2900
1189 1244
1190 2794
1190 2818
1191 2195
1192 1250
1192 1268
1193 2900
1194 1264
1195 2201
1195 2900
1196 1202
1196 2900
1197 2180
1198 2900
1199 1252
1199 1248
1200 2818
1200 2608
1201 1279
1202 1278
1202 1245
1203 1247
1204 1292
1204 2900
1205 1207
1206 1286
1207 2900
1208 1263
1208 1264
1209 1211
1210 2900
1211 2900
1213 1269
1214 2900
1215 1222
1215 1278
1216 1278
1217 1565
1217 2684
1218 1250
1218 2712
1220 2782
1221 1336
1221 2900
1223 2770
1225 1257
1225 2900
1226 1264
1227 1266
1228 1633
1228 2905
1230 1254
1231 1572
1232 1263
1232 1289
1233 2723
1235 2900
1236 1239
1237 1238
1238 1239
1240 2900
1241 1263
1241 1279
1242 1289
1242 1264
1243 1279
1243 1264
1246 2900
1248 1250
1249 2712
1249 1279
1250 1252
1250 2712
1251 2995
1252 2712
1253 1264
1253 1263
1254 1263
1255 1278
1256 2793
1256 2900
1257 2900
1258 1279
1258 2138
1259 1565
1259 2684
1260 2900
1260 1263
1261 1560
1261 2509
1264 1279
1265 1596
1267 2369
1270 2949
1271 2922
1271 2818
1272 2900
1273 2900
1275 2900
1276 1289
1280 2125
1280 1709
1283 2880
1285 2818
1287 2818
1287 2900
1288 1402
1288 1721
1289 2900
1290 2928
1291 2900
1292 2958
1292 1386
1293 2818
1295 2900
1297 1565
1297 2684
1298 1392
1298 2900
1299 1472
1299 1448
1301 1447
1301 1389
1302 2900
1302 1346
1303 1412
1303 1473
1304 1409
1304 1364
1305 1355
1305 1366
1306 1486
1306 2900
1307 1333
1307 1439
1308 2900
1309 1441
1309 2900
1310 2900
1311 1921
1312 1336
1312 1441
1313 1336
1313 1426
1314 2900
1314 1362
1315 1336
1315 2900
1316 1416
1316 1317
1317 1416
1318 2900
1318 1327
1319 1565
1319 2684
1320 1565
1320 2684
1321 1353
1321 1442
1322 1368
1322 1447
1323 1466
1324 2900
1324 1347
1325 1359
1325 1355
1326 2900
1326 1483
1327 2936
1328 2794
1328 1921
1329 1472
1329 1414
1330 1343
1330 1416
1331 2818
1331 2900
1332 1425
1333 1426
1333 1460
1334 1336
1334 2900
1335 1407
1335 1363
1336 1441
1336 2900
1337 1339
1338 2818
1340 1349
1340 1429
1341 1363
1342 1364
1342 1444
1343 2900
1343 1345
1344 1486
1345 2900
1346 2900
1346 1347
1348 2942
1348 2794
1349 1447
1350 1377
1351 1424
1351 1354
1352 2173
1353 1442
1354 1441
1354 2900
1355 1359
1356 1451
1357 1433
1358 2818
1358 1427
1360 1485
1360 1364
1361 2953
1361 2896
1362 1389
1362 2900
1363 1414
1364 1444
1364 1478
1365 1565
1365 2684
1367 2763
1367 2653
1368 1447
1370 1687
1371 2900
1371 1441
1373 1389
1373 1471
1374 1565
1374 2684
1375 1480
1376 2794
1376 2818
1377 1423
1381 1451
1382 1565
1382 2684
1383 2900
1383 1441
1384 1439
1385 2504
1385 2480
1386 2958
1389 1392
1389 1447
1390 2900
1391 2899
1391 2900
1392 1447
1393 1471
1393 1447
1394 2861
1394 2900
1395 1455
1397 1406
1398 1399
1399 2818
1400 1404
1400 1402
1401 1402
1401 1404
1402 1404
1403 1438
1403 1404
1404 2630
1405 3051
1405 3053
1407 1414
1409 1410
1409 1448
1410 1419
1411 1424
1411 2765
1412 1473
1413 2900
1413 2931
1417 2818
1419 1441
1421 1472
1421 1465
1422 1441
1423 2807
1424 2900
1425 2900
1427 2818
1428 2939
1429 1453
1429 1447
1431 1478
1431 1444
1434 1459
1435 2900
1436 2827
1441 2900
1442 2900
1443 2942
1443 2818
1444 1478
1445 1472
1445 1482
1446 2370
1449 2900
1450 2765
1450 2900
1461 2900
1462 2900
1463 1466
1464 2900
1466 2660
1466 2818
1468 2900
1469 2900
1474 2900
1477 2900
1479 1526
1479 2818
1480 1565
1480 2684
1481 1486
1481 2900
1482 2900
1484 2900
1486 2900
1487 2664
1487 1491
1488 2707
1488 2425
1489 1492
1489 2870
1490 2829
1490 2806
1491 1492
1491 2664
1492 2664
1493 2556
1494 2513
1494 2532
1496 2818
1497 1533
1497 1514
1498 1564
1498 1539
1499 1565
1499 2684
1500 2722
1501 1551
1501 1533
1503 1520
1503 1566
1504 1517
1504 1522
1505 1546
1505 1533
1506 1509
1506 1507
1507 1509
1508 1565
1508 2684
1509 1514
1510 1520
1510 1566
1511 1566
1511 1577
1512 1539
1512 2548
1513 1550
1514 1532
1514 1569
1515 1550
1516 1527
1516 1542
1517 1522
1518 2664
1518 1523
1519 1566
1519 1564
1520 2569
1520 1566
1521 2569
1521 1566
1523 2569
1523 1531
1524 1566
1526 1633
1526 2818
1527 1539
1527 1542
1528 1529
1529 1543
1530 1566
1530 1541
1531 2569
1533 1546
1533 1558
1534 1539
1535 2887
1537 2841
1539 1564
1541 1566
1543 1544
1543 1545
1546 1576
1547 1566
1548 1570
1549 1564
1551 1569
1552 1566
1553 2548
1554 1564
1555 1556
1555 1557
1556 1557
1560 1565
1560 2684
1561 2751
1561 1568
1562 2818
1564 2548
1565 2684
1567 1577
1568 2818
1570 1575
1572 2818
1573 2922
1574 2548
1577 2548
1582 2959
1582 2387
1583 2856
1584 1968
1584 1683
1585 2825
1585 2818
1586 2903
1586 2723
1588 1641
1589 2436
1589 2387
1590 2949
1591 1740
1591 1631
1592 2841
1593 2887
1594 2905
1594 2874
1595 1633
1595 1608
1596 2684
1597 2935
1597 2806
1598 2949
1598 2905
1599 2818
1599 2837
1600 2598
1600 1601
1601 2598
1602 2744
1603 2818
1604 1621
1605 2818
1607 1636
1607 1647
1608 2959
1609 2832
1609 2857
1610 2857
1611 2818
1612 2794
1612 1678
1613 1633
1613 2959
1614 2840
1615 2818
1616 2949
1617 2950
1619 2560
1620 2949
1620 2818
1621 2959
1622 2880
1622 2806
1623 2808
1623 1868
1624 1630
1624 2887
1626 2959
1626 2857
1627 2959
1628 1633
1628 2949
1629 2751
1629 2837
1630 1633
1630 2905
1631 2666
1631 1723
1632 2959
1632 2818
1633 2959
1633 2818
1634 2857
1634 2387
1635 1789
1636 1647
1636 1641
1637 2905
1637 2887
1638 3030
1639 1640
1641 1647
1642 1793
1642 1723
1643 2949
1644 2841
1644 2818
1645 2818
1648 1653
1648 2423
1649 2903
1649 2959
1650 2887
1650 2837
1651 2899
1651 1683
1652 2949
1652 2818
1653 2423
1656 2532
1657 2832
1657 2959
1658 2832
1658 2818
1659 2818
1660 1921
1660 2227
1661 2799
1661 2916
1663 2662
1663 2666
1664 1790
1665 1720
1665 1688
1666 1921
1667 1674
1667 1681
1668 1722
1668 1669
1669 1677
1670 1765
1670 2899
1671 1723
1671 2532
1672 1774
1673 1692
1673 1752
1674 1681
1674 1675
1676 1752
1676 1719
1677 1759
1678 2818
1678 1753
1679 1682
1679 1714
1682 1703
1682 1720
1683 1921
1683 1887
1685 2860
1686 2794
1687 1921
1687 2794
1688 1720
1689 2899
1690 2794
1692 1752
1693 1759
1694 2818
1696 2794
1697 2818
1698 1707
1700 1921
1701 3033
1702 2153
1702 1921
1703 1719
1704 2818
1704 2794
1707 1720
1709 2818
1710 2818
1712 1720
1713 1921
1715 2662
1715 2210
1716 2899
1716 2905
1717 2684
1718 2201
1720 1736
1721 2714
1723 2532
1724 1790
1725 2903
1725 2818
1726 1760
1726 1769
1727 1760
1728 1769
1729 2818
1729 1791
1730 2843
1731 1753
1732 1765
1732 1779
1733 1783
1733 1775
1734 1736
1734 2818
1735 1788
1735 1736
1736 2818
1736 1754
1737 1785
1738 1748
1738 1810
1739 2950
1740 2662
1741 1810
1741 1790
1742 1744
1742 1779
1743 1780
1743 1812
1744 1765
1744 2818
1745 1794
1746 1754
1747 1748
1747 1814
1748 1790
1749 1752
1750 1797
1750 1789
1751 2794
1753 1788
1754 2818
1755 1814
1755 1790
1756 1790
1758 1765
1758 1800
1759 1765
1760 1771
1761 2818
1761 1771
1762 2027
1763 1790
1763 1810
1765 1779
1765 2818
1766 2818
1767 1813
1767 1812
1768 1771
1769 2818
1769 1813
1770 1813
1773 2794
1775 1783
1776 1781
1777 1790
1777 1811
1778 1785
1778 1803
1780 1812
1781 2818
1782 2820
1785 2323
1787 1812
1789 1812
1791 2818
1793 2794
1794 2818
1795 1796
1798 2277
1804 2662
1804 1857
1807 2328
1809 2818
1816 2818
1817 1863
1817 1835
1818 1825
1818 2921
1819 2840
1820 1841
1820 1821
1821 1838
1821 1822
1822 1838
1823 1828
1823 1843
1824 1843
1824 1832
1825 2740
1826 2227
1826 2662
1827 1836
1827 1832
1828 1832
1829 1843
1829 1835
1830 1840
1831 1842
1833 2684
1834 2730
1834 2616
1835 1842
1836 1843
1838 1840
1838 1841
1839 1843
1840 1841
1842 1843
1844 2818
1844 2516
1845 2679
1847 2794
1847 2578
1849 1967
1849 1899
1850 2014
1850 2949
1851 1909
1851 1880
1852 1867
1852 1863
1853 2006
1853 1965
1854 2921
1854 1990
1855 2905
1856 1869
1857 2860
1858 1864
1858 1863
1859 1884
1859 1961
1860 1994
1860 1948
1861 1862
1861 1983
1863 1961
1863 1978
1864 1949
1864 1916
1865 1866
1865 1994
1866 1934
1866 1994
1867 2012
1867 1961
1868 2794
1868 2818
1869 2026
1869 1991
1870 2900
1871 1925
1871 1963
1872 1934
1872 1994
1873 2375
1874 2323
1875 2005
1876 1974
1877 1967
1877 1899
1878 2704
1878 2794
1879 2608
1879 2922
1880 1909
1881 1920
1881 1963
1882 1979
1882 1972
1883 1906
1883 1974
1884 1961
1885 1906
1885 1992
1886 2025
1886 1964
1887 1921
1888 1965
1888 2006
1889 2616
1889 1899
1890 1954
1890 2005
1891 1993
1891 2835
1892 2024
1892 1976
1893 1961
1894 1909
1895 2026
1896 2801
1896 1994
1897 2025
1897 1991
1898 1964
1898 2025
1899 1952
1900 1985
1901 1992
1901 1981
1902 1916
1903 2903
1904 2532
1904 2818
1905 2025
1906 1974
1907 1967
1907 1923
1908 2679
1910 2900
1911 1965
1911 2006
1912 1944
1912 1931
1913 1949
1913 1915
1914 2513
1915 1916
1915 1949
1916 1949
1917 1999
1917 2730
1918 2021
1918 2022
1919 1984
1919 1983
1920 2738
1921 2794
1922 1926
1922 1967
1923 1927
1924 1927
1924 1935
1925 2801
1926 1967
1929 2144
1930 2837
1930 1963
1931 2921
1932 1999
1932 1974
1933 2616
1933 1981
1934 1994
1935 1967
1936 1961
1937 2975
1939 1961
1941 2730
1942 1981
1943 2020
1943 1961
1944 2921
1944 1993
1945 2020
1945 1961
1946 2014
1946 1960
1947 2005
1947 1954
1948 1994
1951 2740
1951 2015
1953 1961
1955 2012
1957 2899
1957 2905
1958 2921
1959 2013
1960 2030
1962 2835
1963 2801
1964 2025
1965 2006
1966 1982
1968 1977
1969 2722
1970 2684
1971 2616
1972 2024
1972 1979
1973 2006
1974 2020
1975 2801
1977 2818
1979 2024
1980 2525
1981 2730
1981 2616
1982 2024
1985 2138
1986 2818
1989 2002
1989 2001
1990 2905
1990 2880
1993 2835
1995 2025
1996 2605
1997 2730
1998 2684
1999 2730
2001 2002
2003 2738
2007 2899
2008 2475
2010 2025
2011 2900
2014 2900
2015 2900
2015 2921
2016 2835
2017 2018
2021 2022
2023 2900
2027 2117
2029 2801
2033 2043
2033 2037
2034 2119
2035 2472
2036 2201
2036 2046
2037 2123
2038 2818
2039 2949
2040 2818
2041 2080
2041 2058
2042 2047
2042 2052
2044 2063
2044 2059
2047 2052
2048 2050
2048 2054
2049 2679
2049 2057
2050 2115
2050 2054
2051 2679
2053 2818
2053 2899
2054 2115
2055 2056
2056 2679
2057 2679
2058 2061
2059 2101
2059 2063
2060 2061
2061 2122
2062 2116
2063 2101
2064 2899
2064 2818
2065 2678
2065 2722
2068 2103
2068 2100
2069 2070
2069 2120
2070 2120
2072 2073
2073 2077
2074 2080
2074 2084
2077 2101
2077 2078
2078 2101
2079 2370
2080 2081
2080 2083
2081 2084
2082 2089
2084 2085
2085 2089
2086 2684
2087 2089
2092 2101
2093 2679
2093 2264
2094 2942
2095 2123
2097 2922
2100 2104
2100 2103
2102 2104
2102 2103
2103 2104
2105 2107
2105 2481
2106 2113
2106 2111
2107 2472
2107 2481
2108 2818
2108 2117
2109 2483
2109 2111
2110 2113
2111 2113
2112 2113
2124 2645
2124 2679
2125 2723
2126 2154
2126 2130
2127 2684
2128 2231
2129 2173
2129 2130
2130 2131
2131 2170
2132 2179
2132 2226
2133 2134
2133 2171
2134 2170
2135 2157
2135 2136
2136 2179
2137 2157
2137 2138
2138 2180
2139 2213
2139 2165
2140 2171
2140 2170
2141 2175
2141 2217
2142 2173
2143 2213
2143 2178
2144 2850
2144 2647
2145 2173
2146 2156
2146 2180
2147 2225
2148 2900
2149 2684
2150 2211
2151 2618
2152 2226
2152 2225
2153 2605
2154 2159
2154 2225
2155 2230
2155 2156
2156 2158
2156 2160
2158 2178
2159 2160
2159 2162
2163 2170
2164 2706
2164 2208
2165 2213
2167 2173
2167 2225
2168 2684
2169 2206
2170 2173
2170 2171
2171 2173
2172 2840
2176 2178
2176 2236
2177 2180
2177 2178
2178 2180
2179 2180
2181 2213
2182 2843
2183 2843
2189 2217
2190 2225
2190 2226
2192 2713
2193 2458
2193 2843
2195 2684
2197 2211
2198 2212
2198 2202
2199 2200
2199 2212
2200 2202
2201 2818
2201 2900
2204 2226
2204 2223
2205 2232
2205 2224
2208 2674
2208 2232
2210 2818
2214 2458
2217 2226
2220 2221
2224 2232
2225 2226
2227 2662
2228 2661
2232 2691
2233 2684
2237 2456
2237 2419
2238 2475
2239 2260
2239 2363
2240 2806
2241 2304
2241 2475
2242 2475
2243 2475
2244 2412
2244 2417
2245 2392
2245 2478
2246 2684
2247 2286
2247 2312
2248 2384
2248 2289
2249 2304
2249 2361
2250 2304
2250 2264
2251 2396
2251 2370
2252 2374
2252 2338
2253 2254
2253 2454
2254 2454
2254 2381
2255 2499
2256 2431
2257 2794
2258 2683
2258 2678
2259 2396
2259 2370
2260 2263
2260 2304
2261 2390
2262 2818
2263 2304
2263 2390
2264 2370
2264 2343
2265 2423
2266 2486
2266 2394
2269 2296
2269 2306
2270 2313
2271 2490
2271 2467
2272 2499
2272 2818
2273 2277
2274 2306
2275 2492
2275 2283
2276 2300
2276 2296
2279 2406
2279 2301
2280 2489
2281 2355
2281 2303
2282 2499
2282 2323
2283 2296
2284 2499
2286 2354
2287 2499
2288 2818
2289 2384
2289 2377
2290 2499
2290 2355
2291 2354
2291 2312
2292 2355
2292 2304
2293 2499
2293 2302
2294 2413
2294 2355
2295 2401
2296 2300
2297 2323
2298 2308
2299 2305
2299 2304
2301 2304
2301 2387
2302 2418
2303 2403
2304 2403
2304 2355
2305 2308
2307 2480
2307 2524
2308 2403
2309 2384
2310 2327
2310 2990
2311 2333
2312 2354
2313 2412
2314 2322
2314 2494
2315 2532
2316 2499
2316 2324
2317 2329
2317 2373
2319 2443
2319 2320
2320 2479
2322 2404
2322 2330
2326 2556
2329 2330
2330 2388
2331 2452
2333 2387
2334 2489
2335 2352
2335 2447
2336 2405
2337 2818
2338 2443
2338 2442
2339 2400
2339 2404
2340 2342
2340 2370
2341 2818
2342 2428
2342 2371
2343 2370
2344 2417
2344 2410
2345 2905
2345 2422
2346 2818
2347 2527
2348 2818
2349 2497
2351 2387
2351 2436
2352 2447
2353 2375
2356 2374
2356 2402
2357 2818
2357 2375
2359 2373
2359 2488
2360 2392
2360 2429
2361 2390
2362 2442
2362 2443
2363 2485
2363 2477
2364 2472
2365 2818
2366 2379
2369 2527
2369 2578
2370 2396
2371 2428
2372 2818
2373 2497
2374 2442
2375 2818
2376 2400
2377 2384
2378 2514
2378 2578
2379 2841
2380 2413
2381 2454
2385 2480
2387 2436
2387 2857
2389 2578
2391 2818
2392 2429
2393 2499
2394 2818
2395 2441
2397 2475
2399 2820
2400 2404
2400 2465
2401 2818
2402 2442
2404 2465
2404 2496
2406 2412
2407 2414
2407 2412
2408 2499
2409 2414
2409 2412
2412 2414
2416 2664
2418 2459
2421 2450
2421 2454
2422 2818
2424 2462
2424 2433
2425 2578
2426 2874
2426 2493
2427 2818
2427 2475
2432 2451
2433 2462
2434 2441
2435 2513
2435 2553
2436 2857
2438 2496
2439 2441
2440 2441
2441 2443
2441 2442
2442 2443
2444 2942
2444 2818
2446 2583
2446 2594
2447 2472
2448 2818
2450 2451
2450 2454
2454 2487
2455 2874
2455 2818
2457 2582
2458 2684
2467 2490
2469 2840
2470 2485
2470 2483
2471 2485
2471 2479
2472 2475
2473 2476
2474 2478
2474 2485
2476 2485
2477 2478
2477 2485
2478 2485
2480 2524
2482 2483
2491 2840
2500 2662
2503 2594
2504 2516
2505 2691
2506 2942
2509 2684
2510 2594
2511 2737
2513 2818
2513 2794
2514 2594
2515 3066
2515 2922
2517 2544
2518 2794
2520 2564
2520 2594
2525 2806
2532 2664
2533 2995
2534 2794
2535 2937
2536 2541
2537 2831
2537 2937
2540 2572
2542 2744
2543 2661
2545 2578
2546 2684
2552 2577
2552 2574
2553 2556
2553 2594
2557 2663
2558 2594
2560 2820
2563 2570
2564 2594
2564 2565
2565 2594
2570 2578
2571 2572
2572 2594
2573 2594
2578 2594
2579 2594
2580 2605
2580 2594
2581 2594
2582 2684
2583 2594
2584 2594
2586 2602
2587 2855
2589 2599
2590 2595
2592 2602
2593 2596
2593 2692
2594 2794
2596 2614
2600 2614
2601 2856
2605 2794
2606 2624
2608 2818
2609 2614
2613 2614
2614 2794
2615 2816
2616 2900
2617 2903
2617 2723
2618 2678
2619 2678
2620 2936
2620 2830
2621 2840
2622 2900
2622 2623
2624 2922
2628 2890
2629 2684
2633 2681
2635 2681
2635 2643
2636 2773
2637 2903
2637 2805
2639 2903
2642 2679
2643 2681
2644 2681
2645 2679
2648 2774
2651 2684
2652 2666
2653 2684
2656 2818
2657 2922
2660 2818
2660 2870
2661 2684
2662 2664
2663 2684
2664 2666
2667 2671
2668 2671
2668 2818
2670 2723
2671 2818
2671 2870
2672 2673
2673 2678
2673 2691
2674 2691
2674 2685
2675 2678
2676 2678
2676 2691
2678 2691
2680 2840
2683 2722
2685 2691
2688 2691
2692 2722
2695 2714
2695 2719
2696 2903
2696 2717
2697 2698
2697 2699
2698 2699
2700 2903
2703 2887
2704 2723
2704 2731
2705 2955
2707 2903
2709 2856
2710 2745
2714 2715
2717 2903
2717 2959
2718 2840
2720 2900
2720 2744
2723 2903
2724 2823
2725 2942
2725 2825
2726 2928
2726 2883
2727 2744
2728 2825
2729 2900
2730 2900
2732 2900
2733 2784
2734 2923
2735 2920
2735 2740
2736 2901
2739 2740
2740 2921
2741 2880
2741 2900
2742 2841
2743 2744
2743 2900
2744 2818
2744 2905
2745 2887
2745 2903
2746 2840
2747 2794
2747 2942
2748 2751
2749 2777
2750 2900
2750 2941
2751 2905
2752 2905
2752 2818
2753 2864
2755 2837
2756 2854
2756 2928
2757 2892
2758 2903
2758 2925
2759 2790
2759 2960
2761 2864
2764 2818
2765 2900
2766 2818
2767 2942
2768 2960
2768 2946
2769 2856
2770 2900
2771 2865
2771 2880
2772 2907
2773 2790
2775 2905
2775 2900
2776 2882
2777 2806
2778 2818
2778 2880
2779 2936
2780 2818
2782 2942
2783 2905
2784 2831
2785 2818
2786 2928
2786 2793
2787 2928
2787 2900
2790 2946
2791 2942
2791 2818
2793 2900
2794 2818
2796 2960
2796 2941
2799 2905
2799 2806
2800 2936
2801 2900
2801 2835
2802 2904
2804 2949
2804 2903
2806 2837
2806 2905
2807 2900
2808 2960
2809 2878
2810 2926
2812 2907
2813 2814
2815 2958
2815 2816
2816 2935
2817 2942
2817 2818
2818 2942
2822 2905
2824 2900
2825 2903
2826 2905
2826 2949
2827 2959
2827 2832
2828 2865
2829 2905
2830 2865
2832 2959
2834 2835
2835 2900
2837 2887
2837 2905
2839 2900
2841 2942
2842 2900
2844 2931
2846 2923
2848 2903
2851 2941
2851 2928
2853 2900
2854 2900
2855 2995
2856 2958
2857 2959
2858 2936
2860 2899
2861 2900
2862 2903
2862 2949
2863 2949
2865 2900
2866 2936
2867 2903
2871 2946
2875 2954
2875 2891
2878 2925
2879 2900
2883 2900
2885 2905
2886 2942
2887 2905
2888 2900
2888 2941
2890 2900
2891 2954
2892 2903
2894 2942
2895 2958
2897 2899
2899 2942
2903 2949
2908 2928
2919 2959
2929 2941
2933 2935
2947 2960
2964 3025
2966 3066
2968 3028
2968 2989
2969 3033
2969 3046
2972 3030
2972 2982
2973 2975
2974 3043
2978 3043
2984 2987
2986 3014
2986 3021
2989 3028
2992 2993
2993 2998
3001 3046
3003 3047
3008 3027
3011 3017
3014 3021
3018 3033
3019 3033
3023 3046
3023 3033
3031 3033
3033 3043
3051 3055
3051 3058
3053 3058
3056 3057
3059 3060
3061 3062
