0 2818
0 1091
0 1526
1 3051
1 3058
1 3053
2 4
2 5
2 6
3 2806
3 2950
4 5
4 6
5 6
7 8
7 10
7 9
8 9
8 10
9 10
11 2604
11 1190
11 2520
12 66
12 170
12 119
13 184
13 1523
13 1513
14 145
14 183
14 71
15 159
15 134
15 140
16 170
16 64
16 90
17 119
17 180
17 73
18 177
18 57
18 148
19 20
19 93
19 21
20 1190
20 21
20 87
21 93
22 158
22 151
22 186
23 112
23 179
23 48
24 658
24 162
24 115
25 62
25 157
25 140
26 122
26 87
26 32
27 66
27 180
28 126
28 156
28 149
29 123
29 50
29 92
30 2942
30 2794
30 2818
31 181
31 151
31 188
32 184
32 87
33 62
33 159
33 134
34 110
34 795
34 563
35 40
35 42
35 39
36 39
36 42
37 38
37 40
38 40
38 39
39 42
41 797
41 913
41 2903
43 134
43 126
43 57
44 1190
44 396
44 71
45 233
45 2688
45 691
46 157
46 159
46 110
47 2818
47 185
47 315
48 159
48 112
49 434
49 965
49 467
50 92
50 143
50 145
51 57
51 149
52 568
52 588
52 1259
53 59
53 57
54 2480
54 87
55 154
55 87
56 87
56 162
56 71
57 163
58 163
59 172
59 186
60 2598
60 518
60 914
61 66
62 145
62 159
62 89
63 2516
63 152
63 87
64 170
64 90
65 119
65 73
66 119
66 180
67 166
67 178
68 2901
68 1565
68 707
68 2684
69 122
69 88
70 2480
70 104
71 736
71 159
71 1190
72 1543
72 2516
72 1551
73 133
73 180
74 158
74 143
74 89
75 159
75 118
76 234
76 155
76 141
77 816
77 956
77 2818
78 139
78 159
78 79
79 80
79 143
80 378
80 159
80 544
81 100
81 185
81 131
82 179
82 183
83 119
83 180
84 795
84 2939
84 113
85 2870
85 2832
85 2818
86 2674
86 254
86 1081
87 2516
88 2516
89 157
89 159
90 170
91 134
91 149
92 150
94 143
94 134
94 160
95 170
95 120
95 119
96 2942
96 2818
96 2820
97 2942
97 956
97 2794
98 159
98 144
98 139
99 131
99 2664
99 100
100 2516
100 131
101 2529
101 180
102 160
102 159
102 111
103 180
104 2524
104 135
104 2480
105 135
105 184
106 2820
106 1585
106 2731
107 159
107 171
108 265
108 241
108 243
109 169
110 140
110 159
110 145
111 160
111 159
112 179
113 2905
113 2201
114 159
115 140
115 162
116 133
117 2922
117 1879
117 1631
118 149
118 156
119 170
120 142
120 180
121 1089
121 689
121 165
122 223
123 186
124 145
124 2524
124 2531
125 177
125 156
126 149
126 156
127 2806
127 608
128 186
129 159
130 140
130 160
131 185
132 139
132 563
134 159
135 141
137 956
137 1338
137 2513
138 2713
138 639
138 1382
139 157
140 156
141 155
142 170
143 159
143 157
144 169
145 159
146 151
146 188
146 181
147 2458
147 1163
147 1998
148 163
149 156
150 177
151 188
151 164
151 181
153 159
153 160
154 159
154 157
155 2524
156 177
157 159
158 186
161 175
161 171
162 2679
162 2587
162 176
164 188
164 181
165 2513
165 689
166 180
166 178
167 178
168 174
171 175
173 180
174 2900
174 1190
176 808
176 935
176 196
178 180
181 188
184 2480
185 1003
185 240
187 2717
187 2696
187 2639
190 1338
190 808
190 926
191 2261
191 795
191 2903
192 1002
192 975
192 3066
193 2639
193 1190
193 819
194 1633
194 1595
195 1606
195 866
195 775
196 467
196 2587
197 339
197 926
198 808
198 317
198 1190
199 331
199 535
199 1210
200 2525
200 2639
201 1633
201 2959
201 2818
202 608
202 2806
203 534
203 535
203 494
204 1257
204 2928
204 2900
205 1633
205 819
205 2959
206 2039
206 2679
206 2078
207 2959
207 2785
207 1920
208 1190
208 787
208 2884
209 1633
209 935
209 2959
210 2587
210 302
211 458
211 529
211 795
212 2959
212 1633
212 2818
213 2900
213 935
213 2818
214 816
214 2639
214 2598
215 247
215 238
215 251
216 1515
216 2541
217 2544
217 2541
217 2480
218 873
218 467
218 229
219 704
219 242
220 251
220 2480
220 2541
221 1550
221 2664
221 1515
222 251
222 228
223 2480
224 225
226 239
226 228
226 244
227 251
227 245
227 249
228 1513
228 231
228 238
229 409
229 467
229 570
230 251
231 251
231 238
232 1374
232 1382
232 2713
233 239
233 244
234 237
235 245
235 249
236 1297
236 1163
236 1259
238 251
239 247
240 1073
240 1048
240 1002
241 2541
242 2578
242 704
243 368
243 367
244 247
245 251
245 247
246 249
247 2642
247 251
248 1259
248 2582
248 1998
250 787
250 2935
250 2525
252 1292
252 1386
252 2125
253 2505
253 262
253 2691
254 1523
254 2664
254 1081
255 2678
255 2722
255 256
256 2205
256 2232
256 2691
257 2205
257 264
258 2960
258 1149
259 2953
259 260
259 2219
260 2800
260 2888
260 1366
261 2673
261 2691
261 2678
262 2232
262 2208
262 2691
263 2901
263 1565
263 707
263 2684
264 2208
265 1523
265 2480
265 2691
266 2678
266 2208
267 2673
267 2678
267 2691
268 2676
268 1386
268 2691
269 2900
269 829
269 795
270 1046
270 297
271 2903
271 2723
271 2907
272 1761
272 2818
272 2919
273 313
273 521
273 470
274 2601
274 2532
274 2717
275 777
275 1633
275 2818
276 2818
276 1190
276 2919
277 2903
277 1427
277 608
278 1292
278 608
279 2806
279 2905
279 2744
280 928
280 2818
280 1728
281 2639
281 2942
281 2818
282 364
282 2880
282 2900
283 2865
283 1064
283 1427
284 990
284 1035
284 1686
285 2794
285 2818
286 672
286 2818
286 302
287 993
287 1048
287 1012
288 1190
288 327
288 326
289 2942
289 2894
289 2752
290 2783
290 2959
290 921
291 928
291 2949
291 2900
292 2594
292 517
292 928
294 1015
294 1048
294 1073
295 409
295 467
295 453
296 736
296 838
296 1190
297 318
298 990
298 1048
298 1728
299 2949
299 1526
299 1633
300 2605
300 2723
300 2594
301 787
301 1190
301 2630
302 909
302 795
302 2818
303 850
303 1752
304 2794
304 2534
305 2905
305 2818
305 1633
306 2959
306 1605
306 2818
307 2794
307 2942
307 2818
308 473
308 467
309 2818
309 316
309 2880
310 2837
311 2745
311 2806
311 2905
312 1190
312 2818
312 467
313 795
313 2818
313 521
314 940
314 2865
314 929
315 861
315 866
315 821
316 1441
316 2900
316 2880
317 2818
317 1190
318 736
318 1190
319 1003
319 1002
319 1759
320 795
320 2679
321 1190
322 1646
322 1590
322 1618
323 2768
323 2769
323 1292
324 2818
324 2922
324 2870
325 921
325 2959
326 331
326 1633
326 327
327 2959
327 1633
328 349
328 1633
328 330
329 343
329 356
329 337
330 356
330 331
330 343
331 344
331 356
331 343
332 349
332 355
333 467
333 344
334 474
334 356
334 344
335 1495
335 1066
335 1028
336 349
336 343
336 339
337 343
337 356
338 356
338 2959
338 343
339 434
339 672
339 2598
340 2594
340 2696
340 2578
341 2763
341 2774
341 1217
342 1028
342 1066
342 959
343 356
344 356
345 928
345 521
345 2975
346 349
347 1028
347 1495
348 356
349 356
350 415
350 753
350 2598
351 1022
351 1073
351 1495
353 2532
353 1190
354 2959
355 356
357 2942
357 2818
357 3009
358 1529
358 1105
358 1257
359 1550
359 1513
360 2560
360 1091
360 2904
361 1658
361 1003
361 2818
362 1260
362 795
362 2963
363 1093
363 1081
363 1083
364 795
364 461
364 379
365 1081
365 2722
365 2679
366 2900
366 1260
366 1190
367 384
367 389
367 368
368 389
368 384
369 795
369 447
369 2642
370 387
370 805
370 1581
371 2210
371 2818
371 2578
372 2370
372 2383
372 2450
373 2837
373 374
373 383
374 1599
374 383
375 2679
375 2642
376 1105
376 1257
377 795
377 447
378 2639
378 2679
379 468
379 461
380 2264
380 2451
380 2370
381 473
382 2922
382 1879
382 487
383 2837
383 2475
384 389
385 2645
385 2679
386 795
386 2475
387 866
387 805
387 861
388 2370
388 2450
388 2451
390 2900
390 2768
391 1089
391 1257
392 2572
393 2901
393 1565
393 707
393 2684
394 1630
394 2900
394 2837
395 521
396 866
396 821
397 2645
397 2525
398 399
399 721
400 1190
400 784
400 2959
401 412
401 486
401 453
402 2820
402 2818
402 1585
403 535
403 553
403 498
404 408
404 548
404 533
405 447
405 1526
406 454
406 498
406 421
407 1545
407 467
407 1543
408 517
408 545
408 533
409 2995
409 570
409 467
410 549
410 463
410 464
411 565
411 471
411 563
412 439
412 453
413 1056
413 506
413 422
414 494
414 542
414 521
415 1056
415 467
415 1046
416 998
416 434
416 467
417 2995
417 467
417 422
418 424
418 478
418 557
419 490
419 446
419 561
420 533
420 424
421 498
421 512
421 445
422 434
422 1056
423 2870
423 2922
423 1573
424 478
426 563
426 565
426 567
427 467
427 436
427 434
428 467
428 535
428 2995
429 435
429 447
430 2008
430 544
430 2766
431 529
431 446
431 437
432 433
432 591
432 447
433 458
433 517
433 521
434 998
434 2995
434 467
435 452
435 563
435 447
436 1046
436 2914
437 447
437 468
438 533
439 486
439 453
440 490
440 446
441 535
441 551
441 451
442 538
442 545
443 542
443 462
443 444
444 488
445 454
445 512
446 561
446 490
447 448
447 1190
447 563
448 463
448 549
448 483
449 563
449 565
449 452
450 486
450 558
450 465
451 535
451 551
452 563
452 602
452 565
453 486
454 512
454 535
455 1200
455 2608
456 486
457 559
457 542
457 473
458 2818
458 521
459 2995
459 498
460 498
461 468
462 542
463 549
463 483
464 549
465 486
466 2820
466 2608
466 3034
467 2995
467 998
469 603
469 965
470 521
470 509
471 541
471 563
472 535
472 479
473 517
473 521
473 494
474 2855
474 521
475 535
475 521
476 535
476 498
477 2723
477 2704
478 557
479 535
481 552
481 2792
482 542
482 559
483 549
484 558
485 558
485 965
485 563
486 558
487 2922
487 1526
487 2794
488 795
489 522
489 560
490 561
491 498
492 501
492 2643
492 496
493 784
493 512
493 525
494 512
494 521
496 501
496 503
497 563
497 565
498 535
499 570
499 553
499 516
500 784
500 795
501 511
501 503
502 516
502 565
502 563
503 563
503 573
504 591
506 2818
506 2942
507 1038
507 2794
507 2744
509 521
509 545
510 538
510 517
511 573
511 604
512 570
513 548
513 3010
514 521
514 529
515 544
516 570
516 553
517 521
517 538
518 2794
518 2818
518 2717
519 560
520 1251
522 523
522 560
524 2981
524 543
525 561
527 795
528 2513
528 2717
529 533
529 538
530 565
530 563
531 535
533 545
534 535
537 965
537 544
537 542
539 2663
539 2661
539 2526
540 557
541 887
541 563
543 566
544 2818
544 1190
544 795
550 3044
550 2598
552 873
552 2995
553 570
554 2975
554 2979
555 570
556 780
564 780
565 790
568 2901
568 1565
568 707
568 2684
569 586
569 663
569 575
570 2995
571 620
571 612
572 657
572 604
573 604
574 581
574 586
574 575
575 581
575 586
576 648
576 581
577 587
577 583
577 578
578 587
578 583
579 658
579 612
579 633
580 628
580 593
581 586
582 2901
582 1565
582 707
582 2684
583 587
584 586
585 644
585 610
585 642
588 2901
588 1565
588 707
588 2684
589 654
589 1543
589 1509
590 2525
591 653
591 658
591 592
592 658
592 653
593 680
594 595
594 675
594 596
595 628
595 596
596 628
597 682
597 612
598 684
598 658
598 657
599 1569
599 657
599 658
600 601
600 603
600 605
601 602
601 603
601 605
602 605
602 603
603 605
604 605
606 658
607 628
607 674
607 666
608 2949
608 2903
608 2818
609 667
609 668
609 666
610 649
610 637
611 662
611 663
611 666
612 641
612 628
613 615
614 628
614 622
615 635
615 663
615 666
616 649
616 668
617 666
617 668
618 628
618 622
618 623
619 2723
619 2806
619 2856
620 635
620 666
620 628
621 622
621 628
621 663
622 667
622 628
623 637
623 673
625 648
625 681
626 628
626 663
626 666
627 678
627 670
627 642
628 665
629 638
629 668
631 669
632 635
632 638
633 666
634 1819
634 2840
634 1614
634 864
635 638
636 678
637 669
637 649
639 2901
639 1565
639 707
639 2684
642 648
642 668
645 666
646 652
646 648
646 649
647 648
647 649
648 652
648 649
649 652
650 2034
650 2119
653 658
654 1504
654 1514
655 662
655 665
655 673
656 684
656 658
656 657
657 684
657 1569
657 658
658 1569
658 684
659 670
660 673
660 666
660 664
661 2818
661 1633
661 1190
662 666
662 665
662 677
663 666
664 666
664 674
665 677
668 677
669 677
669 673
670 678
671 678
671 681
672 1526
672 2949
672 2818
673 677
674 677
680 682
681 682
684 1533
685 2577
685 2480
685 2524
686 2841
686 1633
686 2818
687 2556
687 704
687 2405
688 1634
688 784
688 777
689 947
690 699
691 2480
691 2307
691 2524
692 2480
692 703
692 2577
693 1526
693 2942
693 2818
694 695
694 2556
694 2480
695 2307
695 2524
695 2480
696 2556
696 2544
696 2480
697 2307
697 2480
697 2524
698 715
698 2480
698 705
699 2405
699 2480
700 2671
700 1921
700 2660
701 704
701 2480
702 2531
702 2524
702 2480
703 2524
703 2577
703 2480
704 2480
704 2556
704 2405
705 2480
705 2524
705 715
706 2524
706 2574
706 2575
707 2901
707 1565
707 2684
708 2541
708 710
708 2480
709 2480
709 720
710 715
711 2903
711 816
711 2723
712 2531
712 2524
713 1562
713 2448
714 2684
714 1163
714 1480
715 2480
716 2480
716 717
717 2541
717 2480
718 2578
718 2556
719 2556
719 2480
720 2307
720 2480
720 2531
721 2480
721 2541
721 2544
722 2900
722 2880
722 2837
723 2905
723 2345
724 2841
724 2423
724 1653
725 1526
726 2499
726 1526
727 2949
727 2924
728 1427
728 1585
728 2401
729 2874
729 2935
729 940
730 795
730 2818
730 1585
731 2818
731 2723
732 2959
732 2818
733 2818
733 833
733 762
734 940
734 2783
734 2741
735 1190
735 2922
735 2624
736 821
736 866
737 2942
737 1200
737 2818
738 1813
738 1745
738 1794
739 1003
739 2832
739 1677
740 1686
740 762
740 833
741 2741
741 940
741 829
742 1526
742 2880
743 1526
743 1427
744 1479
744 2354
744 838
745 2818
745 838
745 1190
746 751
746 815
746 862
747 1634
747 1397
747 1406
748 2448
748 2818
748 880
749 1562
749 1744
749 1479
750 2818
751 815
751 763
751 852
752 776
752 759
752 1610
753 1046
754 1785
754 1736
754 2818
755 791
755 882
755 839
756 1742
756 1812
756 838
757 866
757 821
758 1190
758 838
759 776
759 1589
760 793
760 867
760 855
761 2818
761 1190
761 2832
762 2818
762 833
763 826
763 851
763 867
764 2818
764 838
764 921
765 2423
765 2379
765 2366
766 2304
766 2427
766 2475
767 1765
767 1562
767 2818
768 2324
768 833
769 855
769 867
770 1406
770 1397
770 2318
771 2472
771 1479
771 838
772 2818
772 2832
772 1190
773 1526
773 795
773 2818
774 2475
774 795
774 829
775 821
775 866
775 1606
776 1589
777 2959
777 2785
777 1633
778 3024
778 787
779 2436
779 2387
779 1589
780 2820
780 784
781 784
782 790
783 1633
783 795
783 784
784 1190
785 2820
785 2818
785 1526
786 1190
786 2392
787 2884
787 2630
787 1190
789 2818
789 2820
791 842
791 877
791 882
792 2818
792 1526
793 855
793 826
793 867
794 1754
794 1736
794 1746
795 2841
795 1526
795 2818
796 2900
796 1526
797 1572
797 2818
797 1526
798 2832
798 2942
798 2818
799 2959
799 2857
799 2387
800 810
800 826
801 956
801 2818
801 2942
802 2818
803 2794
803 990
803 1686
804 821
804 866
805 1581
805 821
806 866
807 2499
807 1526
808 3066
808 2922
808 926
809 838
809 1479
810 849
811 2323
812 2919
812 1613
812 2959
813 1759
813 843
813 2975
814 2818
814 1190
815 855
816 1633
816 2818
817 1526
817 2818
818 867
818 855
819 2857
819 1633
819 1479
820 2119
820 857
821 866
822 2436
822 838
822 2475
823 824
825 2942
825 2886
825 2818
826 867
827 898
827 1190
828 2919
828 2942
828 2818
829 2876
830 2423
830 1526
831 2900
831 2837
832 840
832 2841
832 2818
833 1736
834 2475
835 1562
835 1754
835 1653
836 2423
836 1653
837 2942
837 2266
838 2818
838 1190
839 882
839 877
840 2818
840 2560
841 2328
841 854
842 884
842 877
842 882
843 1048
843 929
843 2900
844 1190
845 1190
845 2818
846 1633
846 1526
846 1190
847 2097
847 2210
847 926
848 2354
848 1479
850 1752
851 855
851 867
853 1785
853 854
854 2818
854 1562
855 867
856 1003
856 928
856 885
857 890
857 2034
858 1751
858 2818
859 1064
859 2905
859 2907
860 2000
860 1864
860 1863
861 866
862 867
863 1736
863 2818
864 1819
864 2840
864 1614
865 1633
865 2818
865 1190
868 2461
869 1427
869 2125
871 1785
872 1640
873 998
874 2766
875 1605
875 2818
875 2857
876 2608
876 2818
876 1526
877 882
878 2818
880 956
880 2818
881 2949
881 2818
883 1100
883 2774
883 1382
885 928
885 1003
886 929
886 1190
886 2818
888 2818
888 1091
890 2837
890 2119
891 2860
892 2791
893 899
893 2520
893 898
895 899
895 2664
895 900
896 902
896 899
896 898
897 2520
897 901
898 902
898 1190
898 899
899 2794
900 1190
901 902
901 906
903 2794
903 1526
903 2818
904 2959
904 2832
904 1190
905 990
905 1035
905 2794
906 1921
907 940
907 911
908 926
908 2210
910 2959
910 2949
910 921
911 2899
911 1633
911 2959
912 2717
912 2950
913 2598
913 1601
913 2717
914 2594
914 956
914 2794
915 1348
916 1292
917 1789
917 1761
917 1809
918 2922
918 2959
918 2532
919 926
919 2717
920 2959
920 2818
920 921
921 2841
921 2959
921 2818
922 1386
922 1292
922 2830
923 2806
923 1292
923 940
924 2942
925 2856
925 1292
926 2210
926 2922
926 2818
927 940
927 2830
929 2880
929 2818
930 1752
930 1758
930 1800
931 1638
931 1789
932 1003
932 938
933 2818
933 2965
934 2532
934 937
935 1633
935 2959
936 2880
936 1386
936 1072
937 2806
937 2532
937 2816
938 1677
939 2816
940 2900
940 2865
941 1338
941 2578
941 2717
942 2880
943 2900
943 2741
943 1190
944 955
944 1076
945 1105
945 2900
945 949
946 2944
947 2794
947 2900
947 2818
948 1057
948 2818
948 2900
949 1257
949 1105
949 1074
950 1495
950 1002
951 1263
951 2818
951 1149
952 1686
953 1814
953 1763
953 1664
954 1921
954 1857
954 2860
955 1025
955 1076
956 2818
956 2942
956 2794
957 1264
957 1109
957 1105
958 2880
958 2900
959 1048
959 1073
960 1605
960 1048
960 2818
961 2706
961 2687
961 2673
962 995
962 997
962 978
963 1263
963 1190
964 1683
964 1687
965 2995
965 998
966 990
966 2794
966 2818
967 2818
967 1633
967 2942
968 1105
968 2900
968 1057
969 1048
969 1605
969 2818
970 3043
970 1043
970 1042
971 1043
971 3043
972 1605
972 2818
972 1048
973 1003
973 984
973 1467
974 1030
975 1752
975 1779
976 990
976 1048
977 1048
977 2900
977 987
978 995
978 997
979 2880
980 2914
981 1109
981 1048
981 990
982 1190
982 1048
982 2818
983 2149
983 2127
983 2168
984 2900
984 2818
984 1003
985 993
985 1012
986 1096
986 1086
987 1441
987 2900
988 2171
988 989
988 2173
989 2171
989 2173
989 2170
990 2818
990 1048
990 1045
991 1282
992 1048
992 2818
992 2900
993 1048
993 1012
994 2900
995 1074
995 997
996 1336
996 2900
998 1046
999 2578
999 2594
999 2503
1000 1001
1000 1076
1000 2660
1001 1048
1001 2818
1002 1073
1002 1048
1003 2818
1003 1048
1004 2660
1004 2942
1004 2818
1005 1006
1005 1010
1006 1010
1007 1190
1007 1105
1007 2900
1009 2818
1009 1048
1009 1014
1011 1495
1011 1048
1012 1048
1013 1239
1013 1122
1013 1236
1014 1073
1014 1048
1015 1048
1015 1073
1015 1495
1016 1263
1016 2900
1017 1048
1018 1163
1018 2546
1019 1048
1020 2744
1021 2900
1021 3015
1022 1023
1022 1495
1022 1073
1023 1495
1023 1073
1024 1331
1024 1190
1024 2900
1026 2942
1026 2818
1027 1048
1027 1062
1028 1073
1028 1495
1029 1327
1029 1211
1029 1318
1030 1109
1030 1263
1030 1149
1031 2818
1032 1686
1032 1706
1033 2900
1033 1048
1034 1048
1035 1686
1035 2794
1036 1073
1036 1048
1037 1073
1037 1048
1038 2818
1038 2794
1039 1149
1039 1263
1039 1190
1040 1336
1040 2900
1041 1048
1042 1043
1042 3043
1043 1048
1043 3043
1044 1060
1044 3043
1045 2794
1045 1048
1046 1056
1047 1336
1047 2900
1048 1073
1049 1073
1049 1066
1050 1057
1050 1279
1051 2818
1052 2818
1052 1190
1053 1386
1053 2125
1053 1292
1054 1819
1054 2840
1054 1614
1055 1336
1055 1105
1057 1105
1057 2900
1058 1076
1059 2919
1059 2818
1060 2818
1060 3043
1061 1494
1061 1518
1061 2532
1063 2178
1063 2693
1063 2159
1064 2905
1064 1526
1064 1633
1065 2458
1067 2534
1067 2794
1067 2660
1069 1240
1069 2818
1070 2901
1070 1565
1070 2684
1072 2905
1072 2837
1073 1495
1074 1257
1075 1480
1076 2959
1076 2818
1078 1087
1078 1523
1078 1083
1079 1545
1079 2767
1080 2870
1080 2660
1080 1089
1081 2664
1081 2532
1081 2678
1082 1536
1082 2767
1082 2870
1083 1550
1083 1523
1084 1096
1084 1086
1085 1491
1085 2664
1085 2532
1086 1096
1088 2532
1088 2664
1089 2818
1090 1669
1090 2818
1090 2660
1091 1526
1092 2744
1092 2907
1093 1523
1093 1550
1094 2149
1094 1499
1095 2942
1095 2818
1097 1279
1097 1111
1097 1196
1098 1263
1098 1264
1098 1285
1099 1279
1099 2900
1099 1263
1100 2901
1100 1565
1100 2684
1101 1225
1101 1105
1101 2712
1102 2900
1102 1221
1103 1266
1103 1170
1103 1254
1104 2880
1104 2900
1104 1105
1105 1441
1105 2900
1105 1257
1106 2900
1106 1203
1107 1209
1107 1176
1107 1211
1108 2900
1108 2775
1108 1164
1109 2900
1109 1263
1110 2900
1110 1264
1110 1263
1111 1245
1111 1278
1111 1133
1113 1264
1113 2818
1113 2942
1114 1264
1114 2694
1115 2880
1115 2900
1116 1336
1116 2818
1116 2900
1117 1160
1117 1263
1118 1264
1118 1263
1118 1260
1119 1147
1119 1289
1119 1264
1120 1250
1120 2712
1120 1248
1121 2390
1121 1572
1121 2391
1122 1212
1122 1237
1123 1147
1123 1286
1123 1206
1124 1165
1124 1250
1124 2712
1125 1336
1125 2818
1125 2900
1126 1263
1126 1279
1126 1128
1127 1264
1127 1214
1128 1147
1128 1263
1128 2900
1129 1336
1129 2928
1129 2900
1130 2712
1130 1250
1130 1138
1131 2959
1131 1479
1132 2197
1132 2773
1132 1261
1133 1202
1133 1222
1134 2900
1134 1153
1135 1264
1135 1274
1135 1266
1136 1280
1136 1709
1136 1206
1137 1336
1137 2900
1137 2818
1138 1221
1138 1196
1138 1205
1139 1147
1139 2173
1139 1241
1140 2818
1140 2900
1141 2900
1141 1274
1142 2900
1142 1264
1143 1196
1143 1266
1144 1211
1145 1176
1145 1290
1145 1158
1146 1263
1146 2900
1146 1264
1147 1279
1147 1263
1148 1210
1148 1257
1149 1264
1149 1260
1149 1263
1150 2900
1150 1210
1150 1291
1151 2818
1151 1441
1151 2900
1152 1879
1152 1573
1153 1260
1153 2900
1154 1336
1154 2900
1155 1245
1155 1222
1155 1278
1156 2900
1156 1264
1156 1263
1157 1209
1157 1176
1157 1158
1158 1176
1159 1182
1159 1290
1159 1165
1160 1161
1160 1214
1161 1214
1161 1162
1162 1214
1163 2901
1163 1565
1163 2684
1164 2928
1164 2775
1165 2900
1166 1211
1166 1290
1166 1176
1167 1263
1167 1362
1167 1249
1168 2960
1168 2936
1168 2900
1169 1354
1169 1264
1170 2900
1170 1196
1171 2901
1171 1565
1171 2684
1172 1263
1172 1264
1172 1226
1173 2900
1173 1260
1173 1263
1174 1260
1174 1263
1174 1264
1175 2960
1175 2928
1175 2900
1176 2928
1176 2900
1176 1318
1177 1221
1177 1266
1177 1211
1178 1709
1178 1250
1178 1189
1179 1279
1179 1263
1179 1264
1180 1499
1180 2233
1180 1508
1181 1222
1181 1245
1181 1202
1182 2793
1182 2900
1183 1257
1183 1264
1184 2900
1184 1260
1184 1257
1185 1221
1185 2900
1186 1206
1186 1192
1187 1193
1187 1207
1188 1336
1188 2900
1189 1206
1189 1244
1190 2630
1190 2794
1190 2818
1191 2149
1191 2195
1192 1249
1192 1250
1192 1268
1193 1264
1193 2900
1194 1263
1194 1264
1195 1263
1195 2201
1195 2900
1196 1278
1196 2900
1196 1202
1197 2693
1197 2180
1198 1211
1198 2900
1199 1252
1199 1248
1200 2942
1200 2608
1200 2818
1201 1260
1201 1279
1202 1222
1202 1278
1202 1245
1203 2900
1203 1247
1204 1362
1204 1292
1204 2900
1205 1207
1206 1709
1206 1286
1207 1260
1207 2900
1208 1279
1208 1263
1208 1264
1209 2853
1209 1211
1210 1257
1210 2900
1211 2900
1213 2786
1213 1269
1214 2900
1215 1222
1215 1278
1216 1278
1217 2901
1217 1565
1217 2684
1218 1250
1218 2712
1220 2782
1221 1336
1221 2900
1222 1245
1223 2770
1225 1257
1225 2900
1226 2818
1226 1264
1227 1260
1227 1266
1228 2806
1228 1633
1228 2905
1229 1263
1230 1279
1230 1254
1231 1572
1232 1260
1232 1263
1232 1289
1233 2723
1234 1278
1235 2900
1236 1237
1236 1239
1237 1239
1237 1238
1238 1239
1240 1336
1240 2900
1241 1263
1241 1279
1242 1289
1242 1264
1243 1279
1243 1264
1244 2818
1245 1278
1246 2900
1247 2900
1248 1252
1248 1250
1249 1263
1249 2712
1249 1279
1250 2900
1250 1252
1250 2712
1251 2855
1251 2995
1252 2900
1252 2712
1253 1263
1253 1264
1254 1263
1255 1278
1256 2946
1256 2793
1256 2900
1257 2818
1257 2900
1258 1264
1258 2138
1258 1279
1259 2901
1259 1565
1259 2684
1260 2475
1260 2900
1260 1263
1261 1365
1261 1560
1261 2509
1262 2942
1263 2900
1264 1279
1265 1596
1267 1338
1267 2369
1269 1290
1270 2949
1271 2922
1271 2818
1272 2900
1273 2900
1275 2865
1275 2900
1276 1289
1280 2960
1280 2125
1280 1709
1281 2712
1282 2818
1283 2605
1283 2880
1285 2818
1287 1633
1287 2818
1287 2900
1288 1388
1288 1402
1288 1721
1289 2900
1290 2900
1290 2928
1291 2818
1291 2900
1292 2856
1292 2958
1292 1386
1293 2949
1293 2818
1295 2201
1295 2900
1297 2901
1297 1565
1297 2684
1298 1336
1298 1392
1298 2900
1299 1316
1299 1472
1299 1448
1300 2794
1301 1424
1301 1447
1301 1389
1302 1441
1302 2900
1302 1346
1303 1445
1303 1412
1303 1473
1304 1478
1304 1409
1304 1364
1305 1357
1305 1366
1305 1355
1306 2900
1306 1486
1307 1451
1307 1333
1307 1439
1308 1336
1308 2900
1309 1450
1309 2900
1309 1441
1310 1526
1310 2900
1311 1921
1312 2900
1312 1336
1312 1441
1313 1333
1313 1336
1313 1426
1314 1336
1314 2900
1314 1362
1315 1327
1315 1336
1315 2900
1316 1416
1316 1317
1317 1416
1318 2936
1318 2900
1318 1327
1319 2901
1319 1565
1319 2684
1320 2901
1320 1565
1320 2684
1321 2900
1321 1353
1321 1442
1322 1349
1322 1368
1322 1447
1323 1466
1324 1441
1324 2900
1324 1347
1325 1433
1325 1355
1325 1359
1326 1347
1326 2900
1326 1483
1327 2900
1327 2936
1328 1921
1328 2794
1329 1366
1329 1472
1329 1414
1330 1383
1330 1343
1330 1416
1331 1336
1331 2818
1331 2900
1332 1472
1332 1425
1333 1426
1333 1460
1334 1450
1334 1336
1334 2900
1335 1414
1335 1407
1335 1363
1336 1486
1336 1441
1336 2900
1337 1339
1338 2818
1339 2900
1340 1484
1340 1429
1340 1349
1341 1414
1341 1363
1342 1478
1342 1364
1342 1444
1343 1416
1343 2900
1343 1345
1344 1347
1344 1486
1345 1448
1345 2900
1346 1394
1346 1347
1346 2900
1347 2900
1348 2818
1348 2942
1348 2794
1349 1429
1349 1447
1350 1389
1350 1377
1351 1448
1351 1424
1351 1354
1352 2171
1352 2173
1353 2900
1353 1442
1354 1441
1354 2900
1355 1357
1355 1359
1356 1484
1356 1451
1357 1359
1357 1433
1358 2897
1358 2818
1358 1427
1360 1485
1360 1364
1361 2896
1361 2953
1362 1389
1362 2900
1363 1407
1363 1414
1364 1478
1364 1444
1365 2901
1365 1565
1365 2684
1367 1508
1367 2763
1367 2653
1368 1447
1370 1536
1370 1687
1371 2900
1371 1441
1373 2900
1373 1389
1373 1471
1374 2901
1374 1565
1374 2684
1375 1596
1375 1480
1376 2794
1376 2818
1377 1423
1378 2900
1379 1426
1381 1451
1382 2901
1382 1565
1382 2684
1383 2900
1383 1441
1384 1426
1384 1439
1385 2516
1385 2504
1385 2480
1386 2856
1386 2958
1387 1444
1388 2900
1389 2900
1389 1392
1389 1447
1390 1442
1390 2900
1391 1443
1391 2899
1391 2900
1392 2900
1392 1447
1393 1437
1393 1471
1393 1447
1394 2861
1394 2900
1395 2936
1395 1455
1396 1451
1397 1479
1397 1406
1398 1744
1398 1399
1399 1744
1399 2818
1400 1401
1400 1404
1400 1402
1401 1404
1401 1402
1402 1404
1403 1438
1403 1404
1404 2630
1405 3051
1405 3053
1407 1414
1409 1410
1409 1448
1410 1419
1411 1448
1411 2765
1411 1424
1412 1454
1412 1473
1413 2858
1413 2900
1413 2931
1417 1427
1417 2818
1419 1441
1420 2900
1421 1484
1421 1472
1421 1465
1422 1441
1423 2807
1424 2900
1425 2900
1427 1526
1427 2818
1428 2939
1429 1453
1429 1447
1430 2900
1431 1478
1431 1444
1432 2818
1434 1472
1434 1459
1435 2900
1436 1526
1436 2827
1438 2622
1441 2818
1441 2900
1442 2900
1443 2900
1443 2818
1443 2942
1444 1478
1445 1459
1445 1472
1445 1482
1446 2370
1449 2900
1450 2765
1450 2900
1454 1460
1455 2858
1461 2900
1462 2900
1463 2818
1463 1466
1464 2818
1464 2900
1466 2900
1466 2660
1466 2818
1467 2818
1468 2900
1469 2900
1474 2900
1476 2900
1477 2900
1479 1562
1479 1526
1479 2818
1480 2901
1480 1565
1480 2684
1481 2939
1481 2900
1481 1486
1482 2900
1483 2900
1484 2900
1486 2900
1487 2662
1487 2664
1487 1491
1488 2425
1488 2707
1489 2624
1489 1492
1489 2870
1490 2745
1490 2829
1490 2806
1491 2666
1491 1492
1491 2664
1492 2532
1492 2664
1493 2578
1493 2556
1494 2922
1494 2513
1494 2532
1495 1654
1496 2532
1496 2818
1497 1539
1497 1514
1497 1533
1498 1505
1498 1539
1498 1564
1499 2901
1499 1565
1499 2684
1500 2691
1500 2722
1501 1569
1501 1551
1501 1533
1503 1513
1503 1520
1503 1566
1504 1532
1504 1517
1504 1522
1505 1576
1505 1546
1505 1533
1506 1566
1506 1509
1506 1507
1507 1534
1507 1509
1508 2901
1508 1565
1508 2684
1509 1533
1509 1514
1510 1552
1510 1566
1510 1520
1511 1533
1511 1577
1511 1566
1512 1551
1512 1539
1512 2548
1513 1533
1513 1550
1514 1522
1514 1532
1514 1569
1515 1523
1515 1550
1516 1539
1516 1542
1516 1527
1517 1569
1517 1522
1518 2532
1518 2664
1518 1523
1519 1551
1519 1566
1519 1564
1520 1564
1520 2569
1520 1566
1521 1523
1521 2569
1521 1566
1522 1532
1523 1550
1523 2569
1523 1531
1524 1566
1526 2898
1526 1633
1526 2818
1527 1539
1527 1542
1528 1545
1528 1529
1529 1545
1529 1543
1530 1567
1530 1566
1530 1541
1531 1550
1531 2569
1533 1576
1533 1546
1533 1558
1534 1559
1534 1539
1535 2806
1535 2887
1536 2818
1537 2959
1537 2841
1539 1564
1541 1577
1541 1566
1543 1545
1543 1544
1544 1545
1545 1564
1546 1558
1546 1576
1547 1551
1547 1566
1548 1570
1549 1559
1549 1564
1550 2569
1551 1564
1551 1569
1552 1566
1553 2548
1554 1576
1554 1564
1555 1556
1555 1557
1556 1557
1557 1576
1558 1576
1559 1564
1560 2901
1560 1565
1560 2684
1561 1568
1561 2751
1562 1572
1562 2818
1564 1576
1564 2548
1565 2901
1565 2684
1567 1577
1568 2942
1568 2818
1570 1575
1572 2942
1572 2818
1573 2966
1573 2922
1574 2548
1577 2548
1580 2569
1582 1592
1582 2959
1582 2387
1583 2856
1584 2630
1584 1968
1584 1683
1585 2820
1585 2825
1585 2818
1586 2825
1586 2903
1586 2723
1587 2752
1588 1641
1589 2857
1589 2436
1589 2387
1590 2950
1590 2949
1591 2666
1591 1740
1591 1631
1592 2900
1592 2841
1593 2837
1593 2887
1594 2837
1594 2905
1594 2874
1595 2959
1595 1633
1595 1608
1596 2901
1596 2684
1597 1622
1597 2935
1597 2806
1598 2949
1598 2905
1599 2818
1599 2837
1600 2598
1600 1601
1601 2598
1602 2806
1602 2744
1603 2818
1604 2857
1604 1621
1605 2860
1605 2818
1607 1641
1607 1636
1607 1647
1608 2857
1608 2959
1609 2959
1609 2832
1609 2857
1610 2857
1611 2841
1611 2818
1612 2899
1612 1678
1612 2794
1613 2887
1613 1633
1613 2959
1614 1819
1614 2840
1615 2818
1616 1643
1616 2949
1617 2837
1617 2950
1618 1628
1619 2560
1620 1633
1620 2949
1620 2818
1621 1633
1621 2959
1622 2837
1622 2880
1622 2806
1623 2723
1623 2808
1623 1868
1624 2905
1624 1630
1624 2887
1626 2387
1626 2959
1626 2857
1627 2818
1627 2959
1628 2818
1628 1633
1628 2949
1629 2837
1629 2751
1630 2880
1630 2905
1630 1633
1631 1683
1631 2666
1631 1723
1632 2818
1632 2959
1633 2905
1633 2959
1633 2818
1634 2436
1634 2857
1634 2387
1635 2899
1635 1789
1636 1647
1636 1641
1637 2837
1637 2887
1637 2905
1638 3030
1639 1640
1640 2387
1641 1647
1642 1671
1642 1723
1642 1793
1643 2949
1644 2942
1644 2841
1644 2818
1645 2818
1646 2903
1648 2466
1648 1653
1648 2423
1649 2903
1649 2959
1650 2905
1650 2887
1650 2837
1651 1921
1651 2899
1651 1683
1652 2818
1652 2949
1653 2818
1653 2423
1655 2887
1656 2639
1656 2532
1657 2832
1657 2959
1658 1744
1658 2832
1658 2818
1659 2841
1659 2818
1660 2662
1660 1921
1660 2227
1661 2748
1661 2799
1661 2916
1662 2794
1663 2662
1663 2666
1664 1720
1664 1790
1665 1698
1665 1720
1665 1688
1666 1921
1667 1675
1667 1674
1667 1681
1668 1677
1668 1669
1668 1722
1669 1722
1669 1677
1670 1765
1670 2899
1671 2662
1671 1723
1671 2532
1672 2868
1672 1774
1673 1720
1673 1692
1673 1752
1674 1681
1674 1675
1675 1681
1676 1805
1676 1752
1676 1719
1677 1693
1677 1759
1678 2818
1678 1753
1679 1688
1679 1682
1679 1714
1680 2832
1682 1719
1682 1703
1682 1720
1683 2794
1683 1921
1683 1887
1684 1686
1685 2899
1685 2860
1686 2794
1687 1921
1687 2794
1688 1736
1688 1720
1689 2860
1689 2899
1690 2818
1690 2794
1691 1703
1692 1752
1693 1759
1694 1742
1694 2818
1696 2818
1696 2794
1697 2899
1697 2818
1698 1707
1700 1887
1700 1921
1701 2975
1701 3033
1702 2210
1702 2153
1702 1921
1703 1720
1703 1719
1704 2660
1704 2818
1704 2794
1705 2837
1706 1857
1707 1720
1709 2794
1709 2818
1710 2794
1710 2818
1711 2897
1712 1719
1712 1720
1713 2153
1713 1921
1714 1720
1715 2860
1715 2662
1715 2210
1716 2752
1716 2899
1716 2905
1717 2901
1717 2684
1718 2201
1719 1720
1720 1736
1721 2929
1721 2714
1722 2860
1723 2662
1723 2532
1724 1752
1724 1790
1725 2723
1725 2903
1725 2818
1726 1813
1726 1760
1726 1769
1727 1813
1727 1760
1728 1769
1729 2942
1729 2818
1729 1791
1730 2843
1731 1753
1732 1759
1732 1765
1732 1779
1733 1783
1733 1775
1734 2818
1734 1736
1735 2324
1735 1788
1735 1736
1736 1753
1736 2818
1736 1754
1737 1753
1737 1785
1738 1790
1738 1748
1738 1810
1739 2950
1740 2662
1741 1755
1741 1810
1741 1790
1742 1765
1742 1779
1742 1744
1743 1769
1743 1780
1743 1812
1744 2276
1744 2818
1744 1765
1745 1812
1745 1794
1746 2818
1746 1754
1747 1810
1747 1748
1747 1814
1748 1810
1748 1790
1749 1790
1749 1752
1750 1797
1750 1789
1751 2210
1751 2794
1752 2818
1753 1788
1754 2818
1755 1814
1755 1790
1756 1790
1758 1759
1758 1765
1758 1800
1759 1779
1759 1765
1760 1761
1760 1771
1761 1772
1761 2818
1761 1771
1762 2818
1762 2027
1763 1777
1763 1810
1763 1790
1764 1765
1765 1779
1765 2818
1766 2818
1767 1769
1767 1813
1767 1812
1768 2818
1768 1771
1769 2818
1769 1813
1770 1813
1771 1772
1772 1784
1773 2532
1773 2794
1774 2922
1775 1783
1776 1792
1776 1781
1777 1790
1777 1811
1778 1785
1778 1803
1780 1812
1781 2818
1782 2818
1782 2820
1785 2323
1787 1812
1788 2324
1789 2818
1789 1812
1791 2900
1791 2818
1793 2532
1793 2794
1794 2818
1795 1796
1798 2324
1798 2277
1804 2662
1804 1857
1807 2818
1807 2328
1809 2818
1811 1814
1816 2616
1816 2818
1817 1869
1817 1863
1817 1835
1818 1835
1818 2921
1818 1825
1819 2840
1820 1822
1820 1841
1820 1821
1821 1840
1821 1838
1821 1822
1822 1840
1822 1838
1823 1832
1823 1828
1823 1843
1824 1842
1824 1843
1824 1832
1825 1871
1825 2740
1826 2666
1826 2227
1826 2662
1827 1842
1827 1836
1827 1832
1828 1832
1829 1842
1829 1843
1829 1835
1830 1840
1831 1836
1831 1842
1833 2901
1833 2684
1834 1971
1834 2730
1834 2616
1835 1843
1835 1842
1836 1843
1838 1840
1838 1841
1839 1843
1840 1841
1842 1843
1844 2818
1844 2516
1845 2205
1845 2679
1846 2903
1847 2795
1847 2578
1847 2794
1848 2598
1849 1952
1849 1967
1849 1899
1850 2837
1850 2014
1850 2949
1851 1894
1851 1909
1851 1880
1852 1961
1852 1867
1852 1863
1853 1888
1853 2006
1853 1965
1854 1993
1854 2921
1854 1990
1855 2905
1856 1869
1857 2860
1858 1961
1858 1864
1858 1863
1859 1864
1859 1884
1859 1961
1860 1865
1860 1994
1860 1948
1861 1862
1861 1983
1862 2679
1863 2837
1863 1961
1863 1978
1864 1915
1864 1949
1864 1916
1865 1934
1865 1866
1865 1994
1866 1948
1866 1934
1866 1994
1867 1953
1867 2012
1867 1961
1868 2899
1868 2794
1868 2818
1869 2730
1869 2026
1869 1991
1870 2900
1871 2801
1871 1925
1871 1963
1872 1948
1872 1934
1872 1994
1873 2818
1873 2375
1874 2323
1875 1899
1875 2005
1876 2020
1876 1974
1877 1935
1877 1967
1877 1899
1878 2704
1878 2794
1879 2608
1879 2922
1880 1894
1880 1909
1881 2801
1881 1920
1881 1963
1882 1982
1882 1979
1882 1972
1883 2020
1883 1906
1883 1974
1884 1961
1885 1906
1885 1992
1886 1898
1886 2025
1886 1964
1887 2794
1887 1921
1888 1973
1888 1965
1888 2006
1889 1967
1889 2616
1889 1899
1890 1947
1890 1954
1890 2005
1891 1993
1891 2835
1892 1979
1892 2024
1892 1976
1893 1978
1893 1961
1894 1909
1895 1991
1895 2026
1896 2801
1896 1994
1897 1995
1897 2025
1897 1991
1898 1905
1898 1964
1898 2025
1899 1952
1900 2138
1900 1985
1901 1995
1901 1992
1901 1981
1902 1915
1902 1916
1903 2837
1903 2903
1904 2532
1904 2818
1905 1964
1905 2025
1906 2000
1906 1974
1907 1967
1907 1923
1908 2679
1910 2900
1911 1965
1911 2006
1912 1989
1912 1944
1912 1931
1913 1988
1913 1949
1913 1915
1914 2513
1915 1916
1915 1949
1916 1949
1917 1991
1917 1999
1917 2730
1918 1953
1918 2022
1918 2021
1919 1984
1919 1983
1920 2905
1920 2738
1921 2534
1921 2794
1922 1924
1922 1926
1922 1967
1923 1954
1923 1927
1924 1926
1924 1927
1924 1935
1925 1963
1925 2801
1926 1967
1928 2900
1929 2144
1930 2837
1930 1963
1931 1944
1931 2921
1932 2730
1932 1999
1932 1974
1933 2616
1933 1981
1934 1948
1934 1994
1935 1967
1936 1978
1936 1961
1937 2975
1939 1961
1941 2730
1942 1981
1943 2020
1943 1961
1944 2740
1944 2921
1944 1993
1945 2000
1945 2020
1945 1961
1946 2030
1946 2014
1946 1960
1947 2005
1947 1954
1948 1994
1949 1988
1950 2031
1951 1990
1951 2740
1951 2015
1952 2009
1953 2012
1953 1961
1955 1961
1955 2012
1956 2949
1957 2899
1957 2905
1958 2001
1958 2921
1959 1994
1959 2013
1960 2014
1960 2030
1962 2835
1963 2801
1964 2025
1965 2006
1966 1979
1966 1982
1968 2818
1968 1977
1969 2678
1969 2722
1970 2901
1970 2684
1971 1994
1971 2616
1972 2024
1972 1979
1973 2006
1974 2020
1975 2801
1976 2738
1977 2900
1977 2818
1979 1982
1979 2024
1980 2887
1980 2525
1981 2730
1981 2616
1982 2024
1983 2730
1985 2178
1985 2138
1986 2806
1986 2818
1988 2018
1989 2740
1989 2002
1989 2001
1990 2837
1990 2905
1990 2880
1991 2616
1993 2900
1993 2835
1995 2025
1996 2605
1997 2730
1998 2901
1998 2684
1999 2730
2001 2740
2001 2002
2002 2740
2003 2818
2003 2738
2007 2899
2008 2818
2008 2475
2010 2025
2011 2880
2011 2900
2014 2900
2015 2835
2015 2900
2015 2921
2016 2835
2017 2018
2021 2022
2023 2900
2027 2794
2027 2117
2029 2801
2033 2123
2033 2043
2033 2037
2034 2119
2035 2107
2035 2472
2036 2907
2036 2201
2036 2046
2037 2043
2037 2123
2038 2818
2039 2949
2040 2818
2041 2083
2041 2080
2041 2058
2042 2052
2042 2047
2043 2123
2044 2063
2044 2059
2046 2201
2047 2052
2048 2115
2048 2050
2048 2054
2049 2101
2049 2679
2049 2057
2050 2054
2050 2115
2051 2679
2053 2794
2053 2899
2053 2818
2054 2115
2055 2679
2055 2056
2056 2691
2056 2679
2057 2679
2058 2084
2058 2061
2059 2101
2059 2063
2060 2083
2060 2061
2061 2121
2061 2122
2062 2093
2062 2116
2063 2101
2064 2794
2064 2899
2064 2818
2065 2722
2065 2678
2067 2903
2068 2104
2068 2103
2068 2100
2069 2081
2069 2070
2069 2120
2070 2080
2070 2120
2072 2077
2072 2073
2073 2101
2073 2077
2074 2081
2074 2080
2074 2084
2077 2101
2077 2078
2078 2679
2078 2101
2079 2370
2080 2085
2080 2081
2080 2083
2081 2083
2081 2084
2082 2089
2083 2085
2084 2089
2084 2085
2085 2089
2086 2901
2086 2684
2087 2089
2091 2818
2092 2101
2093 2679
2093 2264
2094 2818
2094 2942
2095 2123
2097 2210
2097 2922
2100 2104
2100 2103
2102 2104
2102 2103
2103 2104
2105 2483
2105 2107
2105 2481
2106 2110
2106 2113
2106 2111
2107 2472
2107 2481
2108 2201
2108 2818
2108 2117
2109 2113
2109 2483
2109 2111
2110 2111
2110 2113
2111 2113
2112 2113
2117 2818
2124 2645
2124 2679
2125 2723
2126 2173
2126 2154
2126 2130
2127 2901
2127 2684
2128 2173
2128 2231
2129 2131
2129 2130
2129 2173
2130 2211
2130 2131
2131 2173
2131 2170
2132 2225
2132 2226
2132 2179
2133 2134
2133 2171
2134 2171
2134 2170
2135 2178
2135 2157
2135 2136
2136 2162
2136 2179
2137 2160
2137 2157
2137 2138
2138 2177
2138 2180
2139 2159
2139 2213
2139 2165
2140 2173
2140 2170
2140 2171
2141 2175
2141 2217
2142 2198
2142 2173
2143 2236
2143 2213
2143 2178
2144 2850
2144 2647
2145 2691
2145 2173
2146 2162
2146 2156
2146 2180
2147 2219
2147 2225
2148 2900
2149 2901
2149 2684
2150 2173
2150 2211
2151 2618
2152 2180
2152 2226
2152 2225
2153 2594
2153 2605
2154 2156
2154 2159
2154 2225
2155 2160
2155 2230
2155 2156
2156 2162
2156 2160
2156 2158
2157 2159
2158 2160
2158 2178
2159 2160
2159 2162
2163 2171
2163 2170
2164 2208
2164 2706
2165 2170
2165 2213
2167 2225
2167 2173
2168 2901
2168 2684
2169 2170
2169 2206
2170 2173
2170 2171
2171 2173
2172 2840
2174 2619
2176 2178
2176 2236
2177 2179
2177 2180
2177 2178
2178 2179
2178 2180
2179 2180
2181 2213
2182 2843
2183 2458
2183 2843
2189 2217
2190 2225
2190 2226
2191 2594
2192 2713
2193 2458
2193 2843
2195 2901
2195 2684
2196 2582
2197 2211
2198 2200
2198 2212
2198 2202
2199 2202
2199 2212
2199 2200
2200 2202
2201 2818
2201 2900
2204 2223
2204 2226
2205 2208
2205 2232
2205 2224
2208 2691
2208 2674
2208 2232
2210 2818
2214 2458
2216 2225
2217 2226
2220 2221
2224 2232
2225 2226
2227 2662
2228 2661
2232 2674
2232 2691
2233 2901
2233 2684
2237 2244
2237 2456
2237 2419
2238 2475
2239 2478
2239 2260
2239 2363
2240 2806
2241 2427
2241 2304
2241 2475
2242 2475
2243 2475
2244 2409
2244 2417
2244 2412
2245 2360
2245 2478
2245 2392
2246 2901
2246 2684
2247 2354
2247 2286
2247 2312
2248 2377
2248 2384
2248 2289
2249 2260
2249 2304
2249 2361
2250 2292
2250 2264
2250 2304
2251 2340
2251 2396
2251 2370
2252 2356
2252 2374
2252 2338
2253 2450
2253 2254
2253 2454
2254 2453
2254 2454
2254 2381
2255 2818
2255 2499
2256 2454
2256 2431
2257 2794
2258 3066
2258 2683
2258 2678
2259 2478
2259 2396
2259 2370
2260 2355
2260 2263
2260 2304
2261 2499
2261 2390
2262 2704
2262 2818
2263 2355
2263 2304
2263 2390
2264 2370
2264 2343
2265 2423
2266 2818
2266 2486
2266 2394
2267 2818
2269 2274
2269 2296
2269 2306
2270 2499
2270 2313
2271 2490
2271 2467
2272 2942
2272 2499
2272 2818
2273 2277
2274 2276
2274 2306
2275 2492
2275 2283
2276 2300
2276 2296
2278 2662
2279 2304
2279 2301
2279 2406
2280 2489
2281 2289
2281 2355
2281 2303
2282 2324
2282 2499
2282 2323
2283 2296
2284 2499
2285 2318
2286 2355
2286 2354
2287 2375
2287 2499
2288 2744
2288 2818
2289 2355
2289 2384
2289 2377
2290 2413
2290 2499
2290 2355
2291 2354
2291 2312
2292 2403
2292 2355
2292 2304
2293 2394
2293 2499
2293 2302
2294 2355
2294 2413
2295 2401
2296 2300
2297 2323
2298 2413
2298 2308
2299 2305
2299 2304
2301 2499
2301 2304
2301 2387
2302 2394
2302 2418
2303 2355
2303 2403
2304 2403
2304 2355
2305 2308
2307 2480
2307 2524
2308 2403
2309 2377
2309 2384
2310 2327
2310 2990
2311 2333
2312 2354
2313 2355
2313 2412
2314 2337
2314 2494
2314 2322
2315 2532
2316 2818
2316 2324
2316 2499
2317 2330
2317 2329
2317 2373
2319 2479
2319 2443
2319 2320
2320 2362
2320 2479
2321 2499
2322 2494
2322 2404
2322 2330
2323 2324
2324 2445
2325 2371
2326 2480
2326 2556
2327 2990
2329 2388
2329 2330
2330 2349
2330 2388
2331 2452
2332 2461
2333 2387
2334 2489
2335 2354
2335 2447
2335 2352
2336 2480
2336 2405
2337 2818
2338 2395
2338 2443
2338 2442
2339 2465
2339 2400
2339 2404
2340 2396
2340 2342
2340 2370
2341 2818
2342 2428
2342 2371
2343 2499
2343 2370
2344 2414
2344 2417
2344 2410
2345 2357
2345 2905
2345 2422
2346 2818
2347 2553
2347 2527
2348 2818
2349 2373
2349 2497
2351 2387
2351 2436
2352 2442
2352 2447
2353 2394
2353 2375
2355 2403
2356 2442
2356 2374
2356 2402
2357 2818
2357 2375
2359 2373
2359 2488
2360 2392
2360 2429
2361 2370
2361 2390
2362 2442
2362 2443
2363 2485
2363 2477
2364 2472
2365 2818
2366 2423
2366 2379
2367 2371
2368 2413
2369 2532
2369 2527
2369 2578
2370 2485
2370 2396
2371 2428
2372 2818
2373 2497
2374 2441
2374 2442
2375 2394
2375 2818
2376 2404
2376 2400
2377 2384
2378 2513
2378 2514
2378 2578
2379 2818
2379 2841
2380 2413
2381 2453
2381 2454
2382 2488
2383 2450
2385 2527
2385 2480
2387 2436
2387 2857
2388 2497
2389 2578
2391 2818
2392 2429
2393 2499
2394 2818
2395 2402
2395 2441
2397 2427
2397 2475
2399 2820
2400 2493
2400 2404
2400 2465
2401 2820
2401 2818
2402 2442
2404 2493
2404 2465
2404 2496
2405 2480
2406 2409
2406 2412
2407 2409
2407 2412
2407 2414
2408 2499
2409 2410
2409 2414
2409 2412
2410 2412
2411 2448
2412 2414
2416 2664
2418 2459
2420 2818
2421 2487
2421 2450
2421 2454
2422 2818
2424 2471
2424 2462
2424 2433
2425 2578
2426 2897
2426 2874
2426 2493
2427 2818
2427 2475
2429 2468
2430 2898
2431 2454
2432 2451
2433 2472
2433 2462
2434 2441
2435 2594
2435 2513
2435 2553
2436 2818
2436 2857
2438 2496
2439 2442
2439 2441
2440 2441
2441 2443
2441 2442
2442 2443
2444 2942
2444 2818
2446 2523
2446 2583
2446 2594
2447 2472
2448 2499
2448 2818
2450 2454
2450 2451
2451 2454
2453 2454
2454 2487
2455 2818
2455 2874
2457 2582
2458 2901
2458 2684
2464 2857
2465 2493
2467 2490
2468 2898
2469 2840
2470 2485
2470 2483
2471 2477
2471 2485
2471 2479
2472 2818
2472 2475
2473 2476
2474 2477
2474 2478
2474 2485
2476 2485
2477 2478
2477 2485
2478 2485
2480 2524
2482 2483
2486 2818
2488 2497
2491 2840
2500 2662
2503 2578
2503 2594
2504 2516
2505 2687
2505 2691
2506 2942
2507 2532
2508 2642
2509 2901
2509 2684
2510 2630
2510 2594
2511 2549
2511 2737
2513 2594
2513 2818
2513 2794
2514 2594
2515 3066
2515 2922
2517 2578
2517 2544
2518 2594
2518 2794
2520 2662
2520 2594
2520 2564
2523 2556
2524 2531
2525 2905
2525 2806
2526 2629
2527 2556
2530 2594
2532 2664
2533 2995
2534 2794
2535 2937
2536 2541
2537 2831
2537 2937
2539 2578
2540 2572
2541 2544
2542 2744
2543 2661
2545 2578
2546 2901
2546 2684
2549 2614
2551 2995
2552 2577
2552 2574
2553 2556
2553 2594
2557 2661
2557 2663
2558 2794
2558 2594
2559 2995
2560 2818
2560 2820
2563 2643
2563 2570
2564 2594
2564 2565
2565 2578
2565 2594
2568 2630
2570 2594
2570 2578
2571 2572
2572 2594
2573 2594
2578 2594
2579 2605
2579 2594
2580 2607
2580 2605
2580 2594
2581 2614
2581 2594
2582 2901
2582 2684
2583 2614
2583 2594
2584 2594
2586 2602
2587 2995
2587 2855
2589 2599
2590 2595
2591 2684
2592 2602
2593 2606
2593 2692
2593 2596
2594 2818
2594 2794
2595 2607
2596 2607
2596 2614
2598 2995
2600 2607
2600 2614
2601 2806
2601 2856
2605 2818
2605 2794
2606 2614
2606 2624
2607 2794
2608 2942
2608 2818
2609 2614
2611 2696
2613 2614
2614 2818
2614 2794
2615 2717
2615 2816
2616 2900
2617 2903
2617 2723
2618 2691
2618 2678
2619 2673
2619 2678
2620 2900
2620 2936
2620 2830
2621 2840
2622 2900
2622 2623
2624 2922
2628 2890
2629 2901
2629 2684
2631 2942
2632 2704
2633 2681
2634 2682
2635 2681
2635 2643
2636 2710
2636 2773
2637 2903
2637 2805
2638 2643
2639 2745
2639 2903
2641 2645
2642 2645
2642 2679
2643 2681
2644 2681
2645 2679
2647 2901
2648 2774
2651 2901
2651 2684
2652 2666
2653 2901
2653 2684
2656 2794
2656 2818
2657 2922
2660 2794
2660 2818
2660 2870
2661 2901
2661 2684
2662 2664
2663 2901
2663 2684
2664 2666
2665 3024
2667 2668
2667 2671
2668 2671
2668 2818
2669 2671
2670 2723
2671 2818
2671 2870
2672 2673
2673 2722
2673 2678
2673 2691
2674 2691
2674 2685
2675 2678
2676 2678
2676 2691
2678 2691
2680 2840
2683 2722
2684 2901
2685 2691
2688 2691
2690 2903
2692 2722
2695 2939
2695 2714
2695 2719
2696 2717
2696 2903
2697 2903
2697 2698
2697 2699
2698 2856
2698 2699
2700 2949
2700 2903
2703 2717
2703 2887
2704 2903
2704 2723
2704 2731
2705 2900
2705 2955
2706 2722
2707 2903
2709 2856
2710 2745
2712 2900
2713 2901
2714 2715
2715 2738
2717 2903
2717 2959
2718 2840
2720 2960
2720 2900
2720 2744
2722 2995
2723 2818
2723 2903
2724 2806
2724 2823
2725 2752
2725 2942
2725 2825
2726 2732
2726 2928
2726 2883
2727 2744
2728 2903
2728 2825
2729 2854
2729 2900
2730 2835
2730 2900
2732 2900
2733 2784
2734 2907
2734 2923
2735 2835
2735 2920
2735 2740
2736 2902
2736 2901
2738 2905
2739 2835
2739 2740
2740 2921
2741 2865
2741 2880
2741 2900
2742 2791
2742 2841
2743 2880
2743 2744
2743 2900
2744 2905
2744 2818
2745 2949
2745 2903
2745 2887
2746 2840
2747 2818
2747 2794
2747 2942
2748 2806
2748 2751
2749 2777
2750 2837
2750 2941
2750 2900
2751 2905
2752 2903
2752 2818
2752 2905
2753 2864
2755 2905
2755 2837
2756 2854
2756 2928
2757 2918
2757 2892
2758 2949
2758 2925
2758 2903
2759 2928
2759 2790
2759 2960
2760 2865
2761 2864
2763 2901
2764 2818
2765 2900
2766 2942
2766 2818
2767 2942
2768 2900
2768 2960
2768 2946
2769 2806
2769 2856
2770 2793
2770 2900
2771 2865
2771 2880
2772 2907
2773 2796
2773 2790
2774 2901
2775 2905
2775 2900
2776 2788
2776 2882
2777 2806
2778 2818
2778 2880
2779 2900
2779 2936
2780 2818
2782 2942
2783 2887
2783 2905
2784 2831
2785 2959
2785 2818
2786 2900
2786 2928
2786 2793
2787 2837
2787 2928
2787 2900
2788 2806
2789 2900
2790 2946
2791 2942
2791 2818
2792 2995
2793 2928
2793 2900
2794 2942
2794 2818
2796 2960
2796 2941
2799 2903
2799 2905
2799 2806
2800 2939
2800 2936
2801 2900
2801 2835
2802 2995
2802 2904
2804 2818
2804 2903
2804 2949
2805 2905
2806 2905
2806 2837
2807 2900
2808 2900
2808 2960
2809 2925
2809 2878
2810 2926
2811 2894
2812 2907
2813 2960
2813 2814
2814 2865
2815 2943
2815 2816
2815 2958
2816 2935
2817 2841
2817 2942
2817 2818
2818 2942
2822 2905
2824 2900
2825 2903
2826 2905
2826 2949
2827 2832
2827 2959
2828 2865
2829 2837
2829 2905
2830 2865
2831 2942
2832 2959
2834 2835
2835 2900
2837 2949
2837 2887
2837 2905
2839 2900
2841 2942
2842 2900
2843 2901
2844 2865
2844 2931
2846 2923
2847 2942
2848 2878
2848 2903
2851 2941
2851 2928
2853 2900
2854 2900
2855 2995
2856 2958
2857 2959
2858 2936
2860 2899
2861 2900
2862 2949
2862 2903
2863 2949
2864 2901
2865 2880
2865 2900
2866 2931
2866 2936
2867 2905
2867 2903
2870 2942
2871 2928
2871 2946
2873 2934
2875 2954
2875 2891
2877 2908
2878 2925
2879 2900
2883 2900
2885 2903
2885 2905
2886 2942
2887 2905
2888 2900
2888 2941
2890 2900
2891 2954
2892 2903
2894 2903
2894 2942
2895 2958
2896 2899
2897 2942
2897 2899
2899 2942
2903 2949
2905 2949
2908 2928
2915 2926
2919 2959
2926 2935
2929 2941
2931 2960
2933 2935
2937 2948
2946 2960
2947 2960
2964 3025
2966 3066
2968 3028
2968 2989
2969 3043
2969 3033
2969 3046
2972 3030
2972 2982
2973 2975
2974 3001
2974 3043
2978 3043
2984 2987
2986 3014
2986 3021
2989 3028
2992 2993
2993 2998
3001 3019
3001 3046
3003 3047
3008 3027
3011 3017
3014 3033
3014 3021
3018 3033
3019 3033
3021 3043
3023 3046
3023 3033
3031 3033
3033 3043
3051 3053
3051 3055
3051 3058
3053 3055
3053 3058
3056 3057
3057 3058
3058 3060
3059 3060
3061 3064
3061 3062
