0 2903
0 2818
0 1091
0 1526
1 1405
1 3051
1 3058
1 3053
2 1797
2 4
2 6
2 5
3 1725
3 2806
3 2950
4 1750
4 5
4 6
5 1750
5 6
6 1750
7 2818
7 10
7 8
7 9
8 9
8 10
9 10
11 2594
11 2520
11 2604
11 1190
12 182
12 66
12 170
12 119
13 1550
13 1523
13 1513
13 184
14 87
14 145
14 183
14 71
15 87
15 159
15 134
15 140
16 17
16 170
16 64
16 90
17 103
17 119
17 180
17 73
18 128
18 177
18 57
18 148
19 87
19 20
19 93
19 21
20 2480
20 1190
20 21
20 87
21 2531
21 93
22 123
22 158
22 151
22 186
23 62
23 48
23 179
23 112
24 87
24 115
24 658
24 162
25 62
25 157
25 140
26 69
26 122
26 32
26 87
27 101
27 66
27 180
28 59
28 126
28 156
28 149
29 156
29 123
29 92
29 50
30 2903
30 2942
30 2794
30 2818
31 146
31 181
31 151
31 188
32 69
32 184
32 87
33 62
33 159
33 134
34 447
34 110
34 795
34 563
35 37
35 40
35 42
35 39
36 40
36 42
36 39
37 39
37 38
37 40
38 42
38 40
38 39
39 40
39 42
41 2560
41 797
41 913
41 2903
43 177
43 134
43 126
43 57
44 2900
44 1190
44 396
44 71
45 268
45 233
45 2688
45 691
46 89
46 157
46 159
46 110
47 795
47 2818
47 185
47 315
48 179
48 159
48 112
49 409
49 434
49 965
49 467
50 159
50 92
50 143
50 145
51 177
51 57
51 149
52 2663
52 588
52 568
52 1259
53 177
53 59
53 57
54 104
54 2480
54 87
55 156
55 154
55 87
56 159
56 87
56 162
56 71
57 148
57 163
58 134
58 163
59 163
59 172
59 186
60 2615
60 2598
60 518
60 914
61 119
61 66
62 169
62 145
62 159
62 89
63 87
63 2516
63 152
64 180
64 170
64 90
65 180
65 73
65 119
66 73
66 119
66 180
67 120
67 178
67 166
68 2195
68 2901
68 1565
68 707
68 2684
69 223
69 122
69 88
70 141
70 2480
70 104
71 145
71 736
71 159
71 1190
72 2480
72 1543
72 2516
72 1551
73 116
73 133
73 180
74 158
74 143
74 89
75 111
75 159
75 118
76 234
76 155
76 141
77 2942
77 816
77 956
77 2818
78 80
78 139
78 159
78 79
79 159
79 80
79 143
80 965
80 378
80 159
80 544
81 2664
81 131
81 185
81 100
82 179
82 183
83 657
83 180
83 119
84 1477
84 795
84 2939
84 113
85 2660
85 2870
85 2832
85 2818
86 363
86 2674
86 254
86 1081
87 184
87 2516
88 2480
88 2516
89 139
89 157
89 159
90 170
91 156
91 134
91 149
92 177
92 150
93 2480
94 160
94 134
94 143
95 170
95 120
95 119
96 2794
96 2942
96 2818
96 2820
97 2818
97 2942
97 956
97 2794
98 169
98 159
98 144
98 139
99 2516
99 131
99 2664
99 100
100 2664
100 2516
100 131
101 2529
101 180
102 153
102 159
102 111
102 160
103 166
103 180
104 155
104 2524
104 135
104 2480
105 2531
105 135
105 184
106 2704
106 2820
106 1585
106 2731
107 177
107 159
107 171
108 1550
108 265
108 241
108 243
109 169
110 111
110 159
110 140
110 145
111 160
111 159
112 140
112 179
113 2903
113 2905
113 2201
114 139
114 159
115 160
115 140
115 162
116 180
116 133
117 2594
117 1631
117 2922
117 1879
118 140
118 149
118 156
119 180
119 170
120 180
120 142
121 2520
121 1089
121 689
121 165
122 223
123 186
124 2480
124 2531
124 145
124 2524
125 177
125 156
126 149
126 156
127 1190
127 2806
127 608
128 186
129 140
129 159
130 160
130 140
131 2516
131 185
132 159
132 139
132 563
133 173
134 159
135 184
135 141
136 145
137 2959
137 1338
137 2513
137 956
138 1596
138 2713
138 639
138 1382
139 2516
139 157
140 159
140 156
141 155
142 182
142 170
143 159
143 157
144 159
144 169
145 159
146 164
146 151
146 188
146 181
147 1596
147 2458
147 1163
147 1998
148 163
149 156
150 177
151 188
151 164
151 181
153 159
153 160
154 159
154 157
155 2516
155 2524
156 177
157 159
158 186
161 175
161 171
162 196
162 2679
162 2587
162 176
163 172
164 188
164 181
165 2513
165 689
166 180
166 178
167 178
168 174
171 175
173 180
174 2794
174 1190
174 2900
175 180
176 2594
176 196
176 808
176 935
178 180
181 188
184 2480
185 2818
185 1003
185 240
187 2642
187 2717
187 2696
187 2639
190 1190
190 1338
190 808
190 926
191 2949
191 2261
191 795
191 2903
192 2860
192 1002
192 975
192 3066
193 1633
193 1190
193 2639
193 819
194 544
194 1633
194 1595
195 821
195 775
195 1606
195 866
196 2995
196 467
196 2587
197 2210
197 339
197 926
198 315
198 317
198 1190
198 808
199 454
199 1210
199 535
199 331
200 2525
200 2639
201 2942
201 1633
201 2959
201 2818
202 1338
202 608
202 2806
203 454
203 534
203 535
203 494
204 1260
204 2928
204 1257
204 2900
205 521
205 1633
205 819
205 2959
206 2678
206 2039
206 2679
206 2078
207 777
207 2959
207 2785
207 1920
208 301
208 1190
208 787
208 2884
209 2818
209 1633
209 935
209 2959
210 795
210 302
210 2587
211 521
211 458
211 529
211 795
212 2042
212 2959
212 1633
212 2818
213 2794
213 2900
213 935
213 2818
214 816
214 2639
214 2598
215 230
215 247
215 238
215 251
216 2480
216 1515
216 2541
217 704
217 2544
217 2541
217 2480
218 2995
218 873
218 467
218 229
219 2480
219 704
219 242
220 704
220 251
220 2480
220 2541
221 1523
221 1550
221 2664
221 1515
222 238
222 228
222 251
223 2480
224 225
226 231
226 239
226 228
226 244
227 244
227 251
227 245
227 249
228 239
228 1513
228 231
228 238
229 409
229 467
229 570
230 245
230 251
231 1513
231 251
231 238
232 2763
232 1382
232 1374
232 2713
233 238
233 239
233 244
234 237
235 251
235 245
235 249
236 1374
236 1297
236 1259
236 1163
238 239
238 251
239 244
239 247
240 1678
240 1048
240 1073
240 1002
241 2541
242 2556
242 704
242 2578
243 1513
243 368
243 367
244 247
245 251
245 247
246 1513
246 249
247 2642
247 251
248 1297
248 1259
248 1998
248 2582
250 2717
250 787
250 2935
250 2525
252 1292
252 1386
252 2125
253 261
253 2505
253 262
253 2691
254 2691
254 1523
254 2664
254 1081
255 1257
255 2678
255 2722
255 256
256 2208
256 2205
256 2232
256 2691
257 2691
257 2205
257 264
258 1292
258 2960
258 1149
259 1494
259 2953
259 260
259 2219
260 2888
260 2800
260 1366
261 2673
261 2691
261 2678
262 2674
262 2232
262 2208
262 2691
263 2195
263 2901
263 1565
263 707
263 2684
264 2232
264 2208
265 1523
265 2480
265 2691
266 2679
266 2678
266 2208
267 1338
267 2673
267 2678
267 2691
268 2673
268 2676
268 1386
268 2691
269 2905
269 2900
269 829
269 795
270 753
270 297
270 1046
271 913
271 2723
271 2903
271 2907
272 276
272 1761
272 2818
272 2919
273 494
273 313
273 521
273 470
274 608
274 2601
274 2717
274 2532
275 1190
275 777
275 1633
275 2818
276 1633
276 1190
276 2818
276 2919
277 2760
277 2903
277 608
277 1427
278 1427
278 608
278 1292
279 2837
279 2806
279 2905
279 2744
280 1779
280 928
280 2818
280 1728
281 570
281 2639
281 2942
281 2818
282 2905
282 364
282 2880
282 2900
283 1526
283 2865
283 1064
283 1427
284 2794
284 990
284 1035
284 1686
285 947
285 2794
285 2818
286 2346
286 672
286 2818
286 302
287 985
287 993
287 1048
287 1012
288 312
288 326
288 1190
288 327
289 2818
289 2752
289 2942
289 2894
290 2818
290 2783
290 2959
290 921
291 2818
291 928
291 2949
291 2900
292 2534
292 2594
292 517
292 928
294 1003
294 1015
294 1048
294 1073
295 484
295 409
295 467
295 453
296 364
296 1190
296 838
296 736
297 2534
297 318
298 2818
298 1048
298 990
298 1728
299 672
299 2949
299 1526
299 1633
300 2794
300 2605
300 2723
300 2594
301 2884
301 787
301 1190
301 2630
302 672
302 909
302 795
302 2818
303 854
303 850
303 1752
304 898
304 2794
304 2534
305 2818
305 2905
305 1633
306 1048
306 2959
306 1605
306 2818
307 1526
307 2794
307 2942
307 2818
308 795
308 473
308 467
309 608
309 2818
309 316
309 2880
310 2903
310 2837
311 2903
311 2745
311 2806
311 2905
312 1633
312 1190
312 2818
312 467
313 467
313 795
313 2818
313 521
314 608
314 940
314 2865
314 929
315 775
315 866
315 861
315 821
316 795
316 1441
316 2900
316 2880
317 821
317 2818
317 1190
318 821
318 736
318 1190
319 1794
319 1759
319 1002
319 1003
320 2645
320 795
320 2679
321 736
321 1190
322 1647
322 1646
322 1590
322 1618
323 2958
323 2768
323 2769
323 1292
324 2794
324 2818
324 2922
324 2870
325 2887
325 921
325 2959
326 344
326 331
326 327
326 1633
327 2905
327 2959
327 1633
328 921
328 349
328 1633
328 330
329 344
329 356
329 337
329 343
330 344
330 356
330 331
330 343
331 480
331 344
331 343
331 356
332 343
332 349
332 355
333 553
333 467
333 344
334 474
334 344
334 356
335 959
335 1495
335 1066
335 1028
336 352
336 349
336 343
336 339
337 343
337 356
338 1190
338 356
338 2959
338 343
339 434
339 672
339 2598
340 1493
340 2594
340 2696
340 2578
341 1070
341 2763
341 2774
341 1217
342 1028
342 1066
342 959
343 454
343 356
344 2959
344 356
345 458
345 521
345 928
345 2975
346 348
346 349
347 1662
347 1495
347 1028
348 355
348 356
349 1190
349 356
350 2904
350 415
350 753
350 2598
351 1023
351 1022
351 1073
351 1495
353 1257
353 2532
353 1190
354 1633
354 2959
355 356
357 1089
357 2942
357 2818
357 3009
358 376
358 1529
358 1105
358 1257
359 1523
359 1550
359 1513
360 2820
360 2560
360 1091
360 2904
361 1744
361 1658
361 1003
361 2818
362 2679
362 2963
362 795
362 1260
363 2687
363 1093
363 1081
363 1083
364 2818
364 795
364 461
364 379
365 1550
365 1081
365 2722
365 2679
366 795
366 2900
366 1260
366 1190
367 384
367 389
367 368
368 384
368 389
369 1526
369 795
369 447
369 2642
370 775
370 387
370 805
370 1581
371 2594
371 2210
371 2818
371 2578
372 2451
372 2370
372 2383
372 2450
373 2841
373 2837
373 374
373 383
374 1526
374 1599
374 383
375 2679
375 2642
376 1184
376 1105
376 1257
377 1190
377 447
377 795
378 795
378 2639
378 2679
379 1190
379 468
379 461
380 795
380 2264
380 2451
380 2370
381 795
381 473
382 3024
382 487
382 1879
382 2922
383 2837
383 2475
384 2679
384 389
385 2645
385 2679
386 1529
386 795
386 2475
387 866
387 805
387 861
388 2253
388 2370
388 2450
388 2451
390 2900
390 2768
391 2664
391 1089
391 1257
392 2480
392 2572
393 2195
393 2901
393 1565
393 707
393 2684
394 2768
394 2900
394 1630
394 2837
395 2645
395 521
396 736
396 866
396 821
397 2572
397 2645
397 2525
398 399
399 2480
399 721
400 2785
400 2959
400 784
400 1190
401 439
401 412
401 486
401 453
402 2825
402 2820
402 2818
402 1585
403 421
403 535
403 553
403 498
404 545
404 408
404 548
404 533
405 563
405 447
405 1526
406 445
406 454
406 498
406 421
407 409
407 1545
407 467
407 1543
408 517
408 533
408 545
409 434
409 2995
409 570
409 467
410 448
410 549
410 463
410 464
411 541
411 563
411 471
411 565
412 486
412 439
412 453
413 1046
413 506
413 1056
413 422
414 517
414 494
414 542
414 521
415 434
415 1056
415 467
415 1046
416 1056
416 434
416 998
416 467
417 1046
417 2995
417 467
417 422
418 540
418 557
418 424
418 478
419 440
419 490
419 446
419 561
420 533
420 424
421 535
421 498
421 512
421 445
422 467
422 434
422 1056
423 2608
423 2870
423 2922
423 1573
424 538
424 478
425 470
426 452
426 563
426 567
426 565
427 467
427 436
427 434
428 521
428 467
428 535
428 2995
429 653
429 435
429 447
430 2008
430 544
430 2766
431 448
431 437
431 446
431 529
432 565
432 433
432 591
432 447
433 538
433 517
433 458
433 521
434 873
434 998
434 2995
434 467
435 541
435 452
435 563
435 447
436 998
436 1046
436 2914
437 795
437 447
437 468
438 545
438 533
439 486
439 453
440 561
440 490
440 446
441 491
441 535
441 551
441 451
442 529
442 545
442 538
443 542
443 462
443 444
444 488
445 498
445 512
445 454
446 561
446 490
447 570
447 1190
447 563
447 448
448 463
448 549
448 483
449 567
449 563
449 565
449 452
450 486
450 558
450 465
451 551
451 535
452 563
452 602
452 565
453 558
453 486
454 480
454 535
454 512
455 3034
455 1200
455 2608
456 486
457 521
457 559
457 542
457 473
458 1526
458 521
458 2818
459 534
459 2995
459 498
460 535
460 498
461 563
461 468
462 542
463 549
463 483
464 483
464 549
465 558
465 486
466 2818
466 3034
466 2608
466 2820
467 1046
467 2995
467 998
469 591
469 603
469 965
470 2975
470 521
470 509
471 565
471 541
471 563
472 498
472 535
472 479
473 517
473 521
473 494
474 965
474 521
474 2855
475 512
475 535
475 521
476 535
476 498
477 2903
477 2723
477 2704
478 559
478 557
479 535
480 535
481 2995
481 552
481 2792
482 542
482 559
483 549
484 2792
484 558
485 541
485 558
485 965
485 563
486 558
487 2723
487 2922
487 1526
487 2794
488 563
488 795
489 522
489 560
490 561
491 498
492 658
492 501
492 2643
492 496
493 563
493 512
493 784
493 525
494 535
494 512
494 521
496 563
496 501
496 503
497 563
497 565
498 512
498 535
499 512
499 570
499 553
499 516
500 1633
500 784
500 795
501 573
501 511
501 503
502 563
502 565
502 516
503 563
503 573
504 591
506 821
506 2818
506 2942
507 2744
507 1038
507 2794
508 2995
509 533
509 521
509 545
510 517
510 538
511 573
511 604
512 535
512 570
513 517
513 548
513 3010
514 517
514 529
514 521
515 544
516 570
516 553
517 521
517 538
518 956
518 2794
518 2818
518 2717
519 560
520 570
520 1251
522 560
522 523
524 566
524 2981
524 543
525 561
526 535
527 1526
527 795
528 608
528 2513
528 2717
529 533
529 538
530 541
530 565
530 563
531 535
532 965
533 548
533 545
534 535
537 965
537 544
537 542
538 545
539 2651
539 2663
539 2661
539 2526
540 557
541 887
541 563
543 566
544 2818
544 1190
544 795
546 563
550 3044
550 2598
552 998
552 873
552 2995
553 570
554 2979
554 2975
555 570
556 780
558 2792
560 561
563 565
564 780
565 567
565 790
568 2195
568 2901
568 1565
568 707
568 2684
569 577
569 586
569 663
569 575
570 2995
571 674
571 620
571 612
572 829
572 657
572 604
573 604
574 581
574 586
574 575
575 581
575 586
576 578
576 648
576 581
577 630
577 587
577 583
577 578
578 587
578 583
579 611
579 658
579 612
579 633
580 629
580 628
580 593
581 584
581 586
582 2195
582 2901
582 1565
582 707
582 2684
583 587
584 586
585 647
585 644
585 610
585 642
586 587
588 2195
588 2901
588 1565
588 707
588 2684
589 1514
589 654
589 1543
589 1509
590 2954
590 2525
591 658
591 653
591 592
592 606
592 658
592 653
593 632
593 680
594 628
594 596
594 595
594 675
595 663
595 596
595 628
596 675
596 628
597 629
597 682
597 612
598 599
598 684
598 658
598 657
599 657
599 1569
599 658
600 602
600 601
600 603
600 605
601 602
601 603
601 605
602 605
602 603
603 605
604 605
606 2499
606 658
607 665
607 628
607 674
607 666
608 2903
608 2949
608 2818
609 664
609 667
609 668
609 666
610 678
610 649
610 637
611 674
611 662
611 663
611 666
612 632
612 641
612 628
613 615
614 615
614 628
614 622
615 663
615 635
615 666
616 649
616 668
617 660
617 666
617 668
618 673
618 628
618 622
618 623
619 2745
619 2806
619 2856
619 2723
620 633
620 635
620 666
620 628
621 622
621 628
621 663
622 663
622 667
622 628
623 662
623 637
623 673
624 628
625 637
625 648
625 681
626 677
626 628
626 663
626 666
627 640
627 678
627 670
627 642
628 665
629 630
629 638
629 668
630 632
631 669
632 666
632 635
632 638
633 635
633 666
634 2852
634 1819
634 2840
634 1614
634 864
635 638
636 678
637 662
637 669
637 649
639 2195
639 2901
639 1565
639 707
639 2684
642 648
642 668
644 678
645 666
646 647
646 652
646 648
646 649
647 649
647 648
648 651
648 652
648 649
649 677
649 652
650 2119
650 2034
651 663
653 2643
653 658
654 1509
654 1504
654 1514
655 662
655 665
655 673
656 1569
656 684
656 658
656 657
657 1533
657 684
657 1569
657 658
658 1543
658 1569
658 684
659 670
660 673
660 666
660 664
661 2832
661 2818
661 1633
661 1190
662 663
662 666
662 665
662 677
663 666
664 666
664 674
665 677
668 677
669 677
669 673
670 678
671 678
671 681
672 2942
672 1526
672 2949
672 2818
673 677
674 677
680 682
681 682
684 1533
685 705
685 2577
685 2480
685 2524
686 2558
686 2841
686 1633
686 2818
687 1493
687 2556
687 704
687 2405
688 2959
688 1634
688 784
688 777
689 947
690 2480
690 699
691 705
691 2307
691 2480
691 2524
692 703
692 2480
692 2577
693 2794
693 1526
693 2942
693 2818
694 2524
694 695
694 2556
694 2480
695 2531
695 2307
695 2524
695 2480
696 704
696 2556
696 2544
696 2480
697 2307
697 2524
697 2480
698 715
698 2480
698 705
699 2405
699 2480
700 1090
700 1921
700 2671
700 2660
701 708
701 704
701 2480
702 2541
702 2531
702 2524
702 2480
703 2307
703 2524
703 2577
703 2480
704 2578
704 2405
704 2480
704 2556
705 709
705 715
705 2524
705 2480
706 2480
706 2574
706 2575
706 2524
707 2195
707 2901
707 1565
707 2684
708 2541
708 710
708 2480
709 2524
709 2480
709 720
710 2480
710 715
711 2903
711 2723
711 816
712 2307
712 2531
712 2524
713 2818
713 2448
713 1562
714 2246
714 2684
714 1480
714 1163
715 2480
716 2480
716 717
717 2541
717 2480
718 2405
718 2578
718 2556
719 2556
719 2480
720 2524
720 2307
720 2480
720 2531
721 2572
721 2480
721 2541
721 2544
722 2900
722 2880
722 2837
723 1089
723 2905
723 2345
724 1091
724 2841
724 2423
724 1653
725 1562
725 1526
726 2423
726 2499
726 1526
727 2818
727 2949
727 2924
728 1427
728 1585
728 2401
729 2874
729 2935
729 940
730 1526
730 795
730 2818
730 1585
731 792
731 2818
731 2723
732 2959
732 2818
733 1736
733 2818
733 833
733 762
734 1275
734 2783
734 2741
734 940
735 2630
735 1190
735 2922
735 2624
736 775
736 821
736 866
737 792
737 2942
737 1200
737 2818
738 1759
738 1813
738 1745
738 1794
739 1726
739 1003
739 2832
739 1677
740 762
740 833
740 1686
741 2880
741 2741
741 940
741 829
742 2837
742 1526
742 2880
743 2704
743 1526
743 1427
744 1744
744 1479
744 2354
744 838
745 1633
745 838
745 2818
745 1190
746 855
746 815
746 751
746 862
747 838
747 1634
747 1397
747 1406
748 2841
748 2448
748 2818
748 880
749 2818
749 1479
749 1744
749 1562
750 2818
751 855
751 815
751 763
751 852
752 1589
752 776
752 759
752 1610
753 1056
753 1046
754 2323
754 1736
754 1785
754 2818
755 842
755 839
755 791
755 882
756 1744
756 1742
756 1812
756 838
757 775
757 866
757 821
758 784
758 1190
758 838
759 2857
759 776
759 1589
760 800
760 793
760 867
760 855
761 1779
761 1190
761 2818
761 2832
762 1736
762 833
762 2818
763 793
763 826
763 851
763 867
764 2752
764 2818
764 838
764 921
765 1427
765 2379
765 2423
765 2366
766 2241
766 2427
766 2304
766 2475
767 1479
767 1765
767 2818
767 1562
768 1754
768 833
768 2324
769 793
769 855
769 867
770 819
770 1406
770 1397
770 2318
771 1190
771 2472
771 1479
771 838
772 2919
772 2818
772 2832
772 1190
773 1526
773 795
773 2818
774 2475
774 795
774 829
775 1606
775 821
775 866
776 1610
776 1589
777 2818
777 2959
777 2785
777 1633
778 2608
778 3024
778 787
779 1609
779 2436
779 2387
779 1589
780 2820
780 784
781 795
781 784
782 790
783 2959
783 795
783 784
783 1633
784 1633
784 1190
785 2820
785 2818
785 1526
786 2818
786 1190
786 2392
787 2884
787 2630
787 1190
789 2903
789 2818
789 2820
791 884
791 842
791 877
791 882
792 2942
792 2818
792 1526
793 867
793 826
793 855
794 838
794 1754
794 1736
794 1746
795 1091
795 2841
795 1526
795 2818
796 940
796 2900
796 1526
797 1633
797 1572
797 2818
797 1526
798 2860
798 2832
798 2942
798 2818
799 1595
799 2959
799 2857
799 2387
800 867
800 810
800 826
801 2942
801 2818
801 956
802 2942
802 2818
803 1051
803 2794
803 990
803 1686
804 821
804 866
805 866
805 1581
805 821
806 866
807 2818
807 2499
807 1526
808 3066
808 2922
808 926
809 848
809 838
809 1479
810 855
810 849
811 2323
812 2832
812 2919
812 1613
812 2959
813 929
813 843
813 1759
813 2975
814 1190
814 2818
815 851
815 855
816 2818
816 1633
817 2942
817 1526
817 2818
818 826
818 867
818 855
819 2959
819 2857
819 1479
819 1633
820 940
820 2119
820 857
821 861
821 866
822 1633
822 2436
822 838
822 2475
823 855
823 824
824 867
825 1562
825 2818
825 2942
825 2886
826 855
826 867
827 898
827 1190
828 2832
828 2919
828 2942
828 2818
829 940
829 2876
830 2423
830 1526
831 1633
831 2900
831 2837
832 840
832 2841
832 2818
833 2818
833 1736
834 2475
835 2818
835 1562
835 1754
835 1653
836 2818
836 1653
836 2423
837 2942
837 2266
838 2818
838 1190
839 842
839 882
839 877
840 2818
840 2560
841 2328
841 854
842 882
842 877
842 884
843 2865
843 1048
843 929
843 2900
844 1479
844 1190
845 1190
845 2818
846 2794
846 1633
846 1526
846 1190
847 919
847 2097
847 2210
847 926
848 1742
848 2354
848 1479
849 867
850 1376
850 1752
851 855
851 867
852 855
853 2818
853 1785
853 854
854 2818
854 1562
855 867
856 2900
856 885
856 928
856 1003
857 2119
857 890
857 2034
858 1190
858 1751
858 2818
859 2949
859 1064
859 2905
859 2907
860 2000
860 1864
860 1863
861 866
862 867
863 1785
863 2818
863 1736
864 2852
864 1819
864 2840
864 1614
865 2818
865 1633
865 1190
868 2461
869 1427
869 2125
871 1785
872 1640
873 998
874 1736
874 2766
875 2436
875 1605
875 2818
875 2857
876 2942
876 2608
876 2818
876 1526
877 884
877 882
878 2818
880 2942
880 956
880 2818
881 2949
881 2818
882 884
883 2458
883 1100
883 2774
883 1382
885 2818
885 928
885 1003
886 929
886 1190
886 2818
888 1526
888 2818
888 1091
889 2818
890 2905
890 2837
890 2119
891 2860
892 1427
892 2791
893 1078
893 899
893 2520
893 898
895 898
895 2664
895 900
895 899
896 2520
896 902
896 899
896 898
897 906
897 2520
897 901
898 2534
898 902
898 1190
898 899
899 901
899 2794
900 1190
901 2659
901 902
901 906
902 906
903 2942
903 2794
903 1526
903 2818
904 2959
904 2832
904 1190
905 990
905 1035
905 2794
906 1921
907 1338
907 940
907 911
908 2717
908 2210
908 926
909 2723
910 2818
910 2959
910 2949
910 921
911 2818
911 2899
911 1633
911 2959
912 926
912 2717
912 2950
913 2903
913 2598
913 1601
913 2717
914 2594
914 956
914 2794
915 2794
915 1348
916 925
916 1292
917 2818
917 1789
917 1761
917 1809
918 3066
918 2922
918 2959
918 2532
919 2598
919 926
919 2717
920 2949
920 2818
920 2959
920 921
921 2832
921 2841
921 2959
921 2818
922 2856
922 1386
922 1292
922 2830
923 1386
923 1292
923 2806
923 940
924 2818
924 2942
925 1386
925 2856
925 1292
926 2608
926 2210
926 2922
926 2818
927 1292
927 940
927 2830
928 2818
929 2880
929 2818
930 1789
930 1752
930 1758
930 1800
931 1638
931 1789
932 1685
932 1003
932 938
933 2818
933 2965
934 2857
934 2532
934 937
935 2942
935 1633
935 2959
936 2806
936 2880
936 1386
936 1072
937 2751
937 2806
937 2532
937 2816
938 1759
938 1677
939 1292
939 2816
940 2818
940 2900
940 2865
941 2704
941 1338
941 2578
941 2717
942 2880
943 2880
943 2900
943 2741
943 1190
944 955
944 1076
945 1210
945 1105
945 2900
945 949
946 2944
947 2837
947 2794
947 2900
947 2818
948 1105
948 1057
948 2818
948 2900
949 995
949 1257
949 1105
949 1074
950 1048
950 1495
950 1002
951 1338
951 1263
951 2818
951 1149
952 1686
953 1741
953 1664
953 1763
953 1814
954 2794
954 1921
954 1857
954 2860
955 1025
955 1076
956 2704
956 2818
956 2942
956 2794
957 2960
957 1264
957 1109
957 1105
958 1109
958 2880
958 2900
959 1002
959 1048
959 1073
960 1291
960 2818
960 1605
960 1048
961 1550
961 2687
961 2706
961 2673
962 995
962 997
962 978
963 1003
963 1263
963 1190
964 2998
964 1683
964 1687
965 2995
965 998
966 1048
966 990
966 2818
966 2794
967 2905
967 2818
967 1633
967 2942
968 1264
968 1057
968 2900
968 1105
969 2660
969 1048
969 1605
969 2818
970 1003
970 3043
970 1043
970 1042
971 984
971 1043
971 3043
972 1336
972 1605
972 2818
972 1048
973 1045
973 1003
973 984
973 1467
974 1336
974 1030
975 1677
975 1752
975 1779
976 2900
976 990
976 1048
977 1441
977 1048
977 2900
977 987
978 997
978 995
979 2900
979 2880
980 1046
980 2914
981 1441
981 990
981 1109
981 1048
982 1190
982 1048
982 2818
983 2864
983 2149
983 2127
983 2168
984 1467
984 2900
984 1003
984 2818
985 1048
985 993
985 1012
986 1677
986 1096
986 1086
987 1057
987 1441
987 2900
988 2170
988 2171
988 989
988 2173
989 1264
989 2171
989 2173
989 2170
990 2794
990 2818
990 1048
990 1045
991 1282
992 1048
992 2818
992 2900
993 1003
993 1012
993 1048
994 2818
994 2900
995 1074
995 997
996 2532
996 1336
996 2900
997 1074
998 2995
998 1046
999 2369
999 2578
999 2594
999 2503
1000 1004
1000 1001
1000 1076
1000 2660
1001 1003
1001 1048
1001 2818
1002 1003
1002 1073
1002 1048
1003 2860
1003 2818
1003 1048
1004 1633
1004 2818
1004 2942
1004 2660
1005 1006
1005 1010
1006 1010
1007 1257
1007 1190
1007 1105
1007 2900
1008 1251
1009 1014
1009 2818
1009 1048
1011 1041
1011 1048
1011 1495
1012 1048
1013 1237
1013 1239
1013 1122
1013 1236
1014 1073
1014 1048
1015 1022
1015 1048
1015 1073
1015 1495
1016 2841
1016 1263
1016 2900
1017 1077
1017 1048
1018 1565
1018 1163
1018 2546
1019 1048
1020 2744
1021 2900
1021 3015
1022 1023
1022 1495
1022 1073
1023 1028
1023 1495
1023 1073
1024 1105
1024 1331
1024 1190
1024 2900
1025 1076
1026 2899
1026 2942
1026 2818
1027 1048
1027 1062
1028 1495
1028 1073
1029 2900
1029 1327
1029 1211
1029 1318
1030 1260
1030 1109
1030 1263
1030 1149
1031 1211
1031 2818
1032 1059
1032 1686
1032 1706
1033 2832
1033 2900
1033 1048
1034 1048
1035 1683
1035 1686
1035 2794
1036 1495
1036 1073
1036 1048
1037 1073
1037 1048
1038 2942
1038 2818
1038 2794
1039 1263
1039 1190
1039 1149
1040 1336
1040 2900
1041 1073
1041 1048
1042 2818
1042 3043
1042 1043
1043 3043
1043 1048
1044 2818
1044 1060
1044 3043
1045 2818
1045 2794
1045 1048
1046 2995
1046 1056
1047 1441
1047 1336
1047 2900
1048 1073
1049 1073
1049 1066
1050 1264
1050 1057
1050 1279
1051 2794
1051 2818
1052 2794
1052 2818
1052 1190
1053 2856
1053 1386
1053 2125
1053 1292
1054 2852
1054 1819
1054 2840
1054 1614
1055 1263
1055 1336
1055 1105
1057 1336
1057 1105
1057 2900
1058 1076
1059 1633
1059 2919
1059 2818
1060 2818
1060 3043
1061 2818
1061 1494
1061 1518
1061 2532
1063 2180
1063 2178
1063 2693
1063 2159
1064 1072
1064 2905
1064 1633
1064 1526
1065 2902
1065 2458
1067 1190
1067 2534
1067 2794
1067 2660
1069 2624
1069 1240
1069 2818
1070 2195
1070 2901
1070 1565
1070 2684
1072 1633
1072 2905
1072 2837
1073 1495
1074 1257
1075 1499
1075 1480
1076 2942
1076 2959
1076 2818
1078 2664
1078 1087
1078 1523
1078 1083
1079 1543
1079 1545
1079 2767
1080 2671
1080 2870
1080 2660
1080 1089
1081 2722
1081 2664
1081 2532
1081 2678
1082 2660
1082 1536
1082 2767
1082 2870
1083 2664
1083 1550
1083 1523
1084 1096
1084 1086
1085 1491
1085 2664
1085 2532
1086 2818
1086 1096
1087 1523
1088 1523
1088 2532
1088 2664
1089 2671
1089 2818
1090 2942
1090 2660
1090 1669
1090 2818
1091 2818
1091 1526
1092 2935
1092 2744
1092 2907
1093 1515
1093 1523
1093 1550
1094 2086
1094 2149
1094 1499
1095 1633
1095 2942
1095 2818
1097 1263
1097 1111
1097 1279
1097 1196
1098 2818
1098 1263
1098 1264
1098 1285
1099 1149
1099 1279
1099 2900
1099 1263
1100 2195
1100 2901
1100 1565
1100 2684
1101 1221
1101 2712
1101 1225
1101 1105
1102 2806
1102 2900
1102 1221
1103 1249
1103 1266
1103 1170
1103 1254
1104 2949
1104 2880
1104 2900
1104 1105
1105 1210
1105 2900
1105 1441
1105 1257
1106 2960
1106 2900
1106 1203
1107 1318
1107 1209
1107 1176
1107 1211
1108 2928
1108 2900
1108 2775
1108 1164
1109 2818
1109 2900
1109 1263
1110 1147
1110 2900
1110 1264
1110 1263
1111 1202
1111 1245
1111 1278
1111 1133
1112 1251
1113 1427
1113 2818
1113 1264
1113 2942
1114 1208
1114 1264
1114 2694
1115 2744
1115 2880
1115 2900
1116 1336
1116 2818
1116 2900
1117 2900
1117 1160
1117 1263
1118 2818
1118 1263
1118 1264
1118 1260
1119 1260
1119 1289
1119 1147
1119 1264
1120 1249
1120 2712
1120 1250
1120 1248
1121 1562
1121 2390
1121 1572
1121 2391
1122 1238
1122 1212
1122 1237
1123 1196
1123 1147
1123 1286
1123 1206
1124 1211
1124 1165
1124 1250
1124 2712
1125 1336
1125 2900
1125 2818
1126 1264
1126 1263
1126 1279
1126 1128
1127 1232
1127 1214
1127 1264
1128 1260
1128 1147
1128 1263
1128 2900
1129 1176
1129 1336
1129 2928
1129 2900
1130 1147
1130 2712
1130 1250
1130 1138
1131 2959
1131 1479
1132 1919
1132 2773
1132 2197
1132 1261
1133 1245
1133 1202
1133 1222
1134 1264
1134 2900
1134 1153
1135 1264
1135 1274
1135 1266
1136 2693
1136 1709
1136 1206
1136 1280
1137 2905
1137 1336
1137 2900
1137 2818
1138 2712
1138 1221
1138 1196
1138 1205
1139 2198
1139 1147
1139 2173
1139 1241
1140 1605
1140 2818
1140 2900
1141 1239
1141 2900
1141 1274
1142 1263
1142 2900
1142 1264
1143 1274
1143 1196
1143 1266
1144 1246
1144 1211
1145 1166
1145 1176
1145 1290
1145 1158
1146 1160
1146 2900
1146 1264
1146 1263
1147 1260
1147 1279
1147 1263
1148 2900
1148 1210
1148 1257
1149 2900
1149 1264
1149 1260
1149 1263
1150 1225
1150 2900
1150 1210
1150 1291
1151 2818
1151 1441
1151 2900
1152 2922
1152 1879
1152 1573
1153 1263
1153 1260
1153 2900
1154 2775
1154 1336
1154 2900
1155 1202
1155 1245
1155 1222
1155 1278
1156 1263
1156 2900
1156 1264
1157 2941
1157 1209
1157 1176
1157 1158
1158 1290
1158 1176
1159 1318
1159 1182
1159 1290
1159 1165
1160 1162
1160 1161
1160 1214
1161 1264
1161 1214
1161 1162
1162 1264
1162 1214
1163 2195
1163 2901
1163 1565
1163 2684
1164 2900
1164 2928
1164 2775
1165 2928
1165 2900
1166 2853
1166 1211
1166 1290
1166 1176
1167 1248
1167 1263
1167 1362
1167 1249
1168 1336
1168 2960
1168 2936
1168 2900
1169 1354
1169 1264
1170 1260
1170 2900
1170 1196
1171 2195
1171 2901
1171 1565
1171 2684
1172 1263
1172 1264
1172 1226
1173 1264
1173 2900
1173 1260
1173 1263
1174 1264
1174 1263
1174 1260
1175 2936
1175 2960
1175 2928
1175 2900
1176 2960
1176 2928
1176 2900
1176 1318
1177 2900
1177 1221
1177 1266
1177 1211
1178 1192
1178 1250
1178 1189
1178 1709
1179 1260
1179 1279
1179 1263
1179 1264
1180 2149
1180 2233
1180 1499
1180 1508
1181 1222
1181 1245
1181 1202
1182 1275
1182 2793
1182 2900
1183 1240
1183 1257
1183 1264
1184 2900
1184 1260
1184 1257
1185 1336
1185 1221
1185 2900
1186 1294
1186 1206
1186 1192
1187 1263
1187 1193
1187 1207
1188 1633
1188 1336
1188 2900
1189 1709
1189 1206
1189 1244
1190 2832
1190 2630
1190 2794
1190 2818
1191 2086
1191 2149
1191 2195
1192 1249
1192 1250
1192 1268
1193 1207
1193 1264
1193 2900
1194 1289
1194 1263
1194 1264
1195 2900
1195 2201
1195 1263
1196 1278
1196 2900
1196 1202
1197 1264
1197 2693
1197 2180
1198 1211
1198 2900
1199 1281
1199 1252
1199 1248
1200 2794
1200 2942
1200 2608
1200 2818
1201 1260
1201 1279
1202 1222
1202 1278
1202 1245
1203 1257
1203 2900
1203 1247
1204 1389
1204 1362
1204 2900
1204 1292
1205 1279
1205 1207
1206 1709
1206 1286
1207 1336
1207 1260
1207 2900
1208 1279
1208 1263
1208 1264
1209 2900
1209 2853
1209 1211
1210 1257
1210 2900
1211 1336
1211 2900
1212 2900
1213 2786
1213 1269
1214 1264
1214 2900
1215 1245
1215 1222
1215 1278
1216 1277
1216 1278
1217 2195
1217 2901
1217 1565
1217 2684
1218 1279
1218 1250
1218 2712
1219 1263
1220 2782
1221 2712
1221 1336
1221 2900
1222 1278
1222 1245
1223 2770
1224 2928
1225 1264
1225 2900
1225 1257
1226 2818
1226 1264
1227 1263
1227 1260
1227 1266
1228 2820
1228 2806
1228 1633
1228 2905
1229 1263
1230 1273
1230 1279
1230 1254
1231 1572
1232 1263
1232 1260
1232 1289
1233 1285
1233 2723
1234 1250
1234 1278
1235 1263
1235 2900
1236 1238
1236 1237
1236 1239
1237 1239
1237 1238
1238 1239
1239 1266
1240 1336
1240 2900
1241 2133
1241 1263
1241 1279
1242 1263
1242 1289
1242 1264
1243 1263
1243 1279
1243 1264
1244 1709
1244 2818
1245 1278
1246 1336
1246 2900
1247 2900
1248 2712
1248 1252
1248 1250
1249 1264
1249 1279
1249 2712
1249 1263
1250 2900
1250 1252
1250 2712
1251 2855
1251 2995
1252 1263
1252 2900
1252 2712
1253 2841
1253 1263
1253 1264
1254 1279
1254 1263
1255 1296
1255 1278
1256 2837
1256 2946
1256 2793
1256 2900
1257 2900
1257 2818
1258 1264
1258 2138
1258 1279
1259 2195
1259 2901
1259 1565
1259 2684
1260 1441
1260 2475
1260 2900
1260 1263
1261 2086
1261 1560
1261 2509
1261 1365
1262 2942
1263 1264
1263 2900
1264 2900
1264 1279
1265 1480
1265 1596
1267 2922
1267 1338
1267 2369
1269 1318
1269 1290
1270 2949
1271 2794
1271 2922
1271 2818
1272 2900
1273 2900
1275 2880
1275 2865
1275 2900
1276 1289
1277 1279
1280 1292
1280 2125
1280 1709
1280 2960
1281 2712
1282 2818
1283 2614
1283 2605
1283 2880
1285 2818
1287 2905
1287 1633
1287 2818
1287 2900
1288 1388
1288 1402
1288 1721
1289 2818
1289 2900
1290 2793
1290 2900
1290 2928
1291 2900
1291 2818
1292 2895
1292 2856
1292 2958
1292 1386
1293 2942
1293 2949
1293 2818
1295 2201
1295 2900
1296 2900
1297 2195
1297 2901
1297 1565
1297 2684
1298 2890
1298 1336
1298 1392
1298 2900
1299 1317
1299 1316
1299 1472
1299 1448
1300 2998
1300 2794
1301 1426
1301 1447
1301 1424
1301 1389
1302 1441
1302 2900
1302 1346
1303 1482
1303 1445
1303 1412
1303 1473
1304 1383
1304 1478
1304 1409
1304 1364
1305 1359
1305 1357
1305 1366
1305 1355
1306 2900
1306 1486
1307 1426
1307 1451
1307 1333
1307 1439
1308 1467
1308 2900
1308 1336
1309 2939
1309 1450
1309 2900
1309 1441
1310 1526
1310 2900
1311 1921
1312 1430
1312 2900
1312 1336
1312 1441
1313 2900
1313 1333
1313 1336
1313 1426
1314 1336
1314 1362
1314 2900
1315 2936
1315 1327
1315 1336
1315 2900
1316 1343
1316 1416
1316 1317
1317 1343
1317 1416
1318 2939
1318 2936
1318 2900
1318 1327
1319 2195
1319 2901
1319 1565
1319 2684
1320 2195
1320 2901
1320 1565
1320 2684
1321 2900
1321 1353
1321 1442
1322 1429
1322 1368
1322 1349
1322 1447
1323 1466
1324 1336
1324 1441
1324 2900
1324 1347
1325 1357
1325 1433
1325 1355
1325 1359
1326 1347
1326 2900
1326 1483
1327 2960
1327 2900
1327 2936
1328 1921
1328 2794
1329 1407
1329 1366
1329 1414
1329 1472
1330 1347
1330 1383
1330 1343
1330 1416
1331 1336
1331 2818
1331 2900
1332 1389
1332 1472
1332 1425
1333 1336
1333 1426
1333 1460
1334 1450
1334 1336
1334 2900
1335 1341
1335 1414
1335 1407
1335 1363
1336 2818
1336 2900
1336 1486
1336 1441
1337 2931
1337 1339
1338 2903
1338 2818
1339 1354
1339 2900
1340 1373
1340 1484
1340 1429
1340 1349
1341 1414
1341 1363
1342 1478
1342 1364
1342 1444
1343 2900
1343 1345
1343 1416
1344 2900
1344 1347
1344 1486
1345 1389
1345 1448
1345 2900
1346 1394
1346 1347
1346 2900
1347 1441
1347 2900
1348 2818
1348 2942
1348 2794
1349 1389
1349 1429
1349 1447
1350 1448
1350 1389
1350 1377
1351 1411
1351 1448
1351 1424
1351 1354
1352 2178
1352 2171
1352 2173
1353 1394
1353 2900
1353 1442
1354 1441
1354 2900
1355 1433
1355 1359
1355 1357
1356 1484
1356 1451
1357 1359
1357 1433
1358 1405
1358 2897
1358 2818
1358 1427
1359 1433
1360 1485
1360 1364
1361 2896
1361 2953
1362 1389
1362 2900
1363 1407
1363 1414
1364 1478
1364 1444
1365 2195
1365 2901
1365 1565
1365 2684
1366 1433
1367 2774
1367 1508
1367 2763
1367 2653
1368 1447
1370 2818
1370 1536
1370 1687
1371 1430
1371 2900
1371 1441
1372 1460
1373 1448
1373 2900
1373 1389
1373 1471
1374 2195
1374 2901
1374 1565
1374 2684
1375 2713
1375 1596
1375 1480
1376 2942
1376 2794
1376 2818
1377 1455
1377 1423
1378 1471
1378 2900
1379 2900
1379 1426
1380 1469
1381 1428
1381 1451
1382 2195
1382 2901
1382 1565
1382 2684
1383 2900
1383 1441
1384 1426
1384 1439
1385 2504
1385 2516
1385 2480
1386 2958
1386 2856
1387 1472
1387 1444
1388 2900
1389 1441
1389 1447
1389 2900
1389 1392
1390 1442
1390 2900
1391 2660
1391 1443
1391 2900
1391 2899
1392 1424
1392 2900
1392 1447
1393 1437
1393 1471
1393 1447
1394 2900
1394 2861
1395 2936
1395 1455
1396 1426
1396 1451
1397 2318
1397 1479
1397 1406
1398 2818
1398 1399
1398 1744
1399 2818
1399 1744
1400 2900
1400 1401
1400 1404
1400 1402
1401 1404
1401 1402
1402 2622
1402 1404
1403 1438
1403 1404
1404 2900
1404 2630
1405 3051
1405 3053
1406 2333
1407 1414
1409 1485
1409 1410
1409 1448
1410 1448
1410 1419
1411 1448
1411 2765
1411 1424
1412 1454
1412 1473
1413 2779
1413 2858
1413 2900
1413 2931
1415 2900
1417 2818
1417 1427
1419 1441
1420 2818
1420 2900
1421 2800
1421 1484
1421 1465
1421 1472
1422 1441
1423 2807
1424 1430
1424 2900
1425 2900
1426 1441
1427 2942
1427 1526
1427 2818
1428 2939
1429 1447
1429 1453
1430 1441
1430 2900
1431 1478
1431 1444
1432 2818
1434 1472
1434 1459
1435 1484
1435 2900
1436 2832
1436 1526
1436 2827
1438 2622
1441 2900
1441 2818
1442 2939
1442 2900
1443 1633
1443 2900
1443 2818
1443 2942
1444 1478
1445 1459
1445 1472
1445 1482
1446 2475
1446 2370
1449 2900
1450 2936
1450 2765
1450 2900
1452 2900
1454 1460
1455 2900
1455 2858
1461 2900
1462 1467
1462 2900
1463 2818
1463 1466
1464 2818
1464 2900
1465 2800
1466 2900
1466 2660
1466 2818
1467 2900
1467 2818
1468 2900
1469 2900
1474 2900
1476 2900
1477 2900
1479 1633
1479 1562
1479 1526
1479 2818
1480 2195
1480 2901
1480 1565
1480 2684
1481 2939
1481 2900
1481 1486
1482 2900
1483 2900
1484 2900
1486 2818
1486 2900
1487 2666
1487 2662
1487 2664
1487 1491
1488 2578
1488 2425
1488 2707
1489 2624
1489 2870
1489 1492
1490 2837
1490 2745
1490 2829
1490 2806
1491 2662
1491 2664
1491 2666
1491 1492
1492 2666
1492 2532
1492 2664
1493 2405
1493 2578
1493 2556
1494 2624
1494 2532
1494 2922
1494 2513
1495 1654
1496 2532
1496 2818
1497 1569
1497 1539
1497 1514
1497 1533
1498 1558
1498 1505
1498 1539
1498 1564
1499 2195
1499 2901
1499 1565
1499 2684
1500 1529
1500 2691
1500 2722
1501 1576
1501 1569
1501 1551
1501 1533
1503 1523
1503 1513
1503 1520
1503 1566
1504 1569
1504 1532
1504 1517
1504 1522
1505 1564
1505 1576
1505 1546
1505 1533
1506 1544
1506 1566
1506 1509
1506 1507
1507 1544
1507 1534
1507 1509
1508 2195
1508 2901
1508 1565
1508 2684
1509 1569
1509 1533
1509 1514
1510 1580
1510 1552
1510 1566
1510 1520
1511 1530
1511 1533
1511 1577
1511 1566
1512 1564
1512 1551
1512 1539
1512 2548
1513 2569
1513 1533
1513 1550
1514 1544
1514 1569
1514 1522
1514 1532
1515 1523
1515 1550
1516 1539
1516 1542
1516 1527
1517 1532
1517 1569
1517 1522
1518 1551
1518 2532
1518 2664
1518 1523
1519 2548
1519 1551
1519 1566
1519 1564
1520 1533
1520 1564
1520 2569
1520 1566
1521 1539
1521 1523
1521 2569
1521 1566
1522 1532
1523 2664
1523 1550
1523 2569
1523 1531
1524 2569
1524 1566
1526 2818
1526 2898
1526 1633
1527 1539
1527 1542
1528 1576
1528 1545
1528 1529
1529 1545
1529 1543
1530 1577
1530 1567
1530 1566
1530 1541
1531 1550
1531 2569
1532 1569
1533 1544
1533 1576
1533 1546
1533 1558
1534 1559
1534 1539
1535 2806
1535 2887
1536 2860
1536 2818
1537 2818
1537 2959
1537 2841
1538 1566
1539 2548
1539 1564
1540 1564
1541 1552
1541 1577
1541 1566
1543 1576
1543 1545
1543 1544
1544 1576
1544 1545
1545 1576
1545 1564
1546 1564
1546 1558
1546 1576
1547 1551
1547 1566
1548 1575
1548 1570
1549 1564
1549 1559
1550 2569
1551 1564
1551 1569
1552 1566
1553 2548
1554 1576
1554 1564
1555 1556
1555 1557
1556 1557
1557 1576
1558 1564
1558 1576
1559 1564
1560 2195
1560 2901
1560 1565
1560 2684
1561 2841
1561 1568
1561 2751
1562 2942
1562 1572
1562 2818
1564 1576
1564 2548
1565 2195
1565 2901
1565 2684
1566 2569
1567 1577
1568 2942
1568 2818
1570 1575
1572 2942
1572 2818
1573 2870
1573 2966
1573 2922
1574 2548
1577 2548
1580 2569
1582 2887
1582 1592
1582 2959
1582 2387
1583 2806
1583 2856
1584 1651
1584 2630
1584 1968
1584 1683
1585 2704
1585 2820
1585 2825
1585 2818
1586 2825
1586 2903
1586 2723
1587 2841
1587 2752
1588 2818
1588 1641
1589 2351
1589 2857
1589 2436
1589 2387
1590 1620
1590 2950
1590 2949
1591 2532
1591 2666
1591 1740
1591 1631
1592 2887
1592 2900
1592 2841
1593 2837
1593 2887
1594 2751
1594 2837
1594 2905
1594 2874
1595 2857
1595 2959
1595 1633
1595 1608
1596 2195
1596 2901
1596 2684
1597 2748
1597 1622
1597 2935
1597 2806
1598 2818
1598 2949
1598 2905
1599 2475
1599 2818
1599 2837
1600 2903
1600 1601
1600 2598
1601 2903
1601 2598
1602 2704
1602 2806
1602 2744
1603 2608
1603 2818
1604 2857
1604 1621
1605 2959
1605 2860
1605 2818
1607 1620
1607 1641
1607 1636
1607 1647
1608 1633
1608 2857
1608 2959
1609 2827
1609 2857
1609 2959
1609 2832
1610 2857
1611 2949
1611 2841
1611 2818
1612 2860
1612 2899
1612 1678
1612 2794
1613 2818
1613 2887
1613 1633
1613 2959
1614 2852
1614 1819
1614 2840
1615 2818
1616 2806
1616 1643
1616 2949
1617 2887
1617 2837
1617 2950
1618 1643
1618 1628
1619 2560
1620 2837
1620 1633
1620 2949
1620 2818
1621 1633
1621 2959
1622 2806
1622 2880
1622 2837
1623 2825
1623 2723
1623 2808
1623 1868
1624 1633
1624 2905
1624 1630
1624 2887
1626 2387
1626 2959
1626 2857
1627 2818
1627 2959
1628 2818
1628 1633
1628 2949
1629 2744
1629 2837
1629 2751
1630 2783
1630 2880
1630 2905
1630 1633
1631 2662
1631 1683
1631 2666
1631 1723
1632 2818
1632 2959
1633 2949
1633 2959
1633 2818
1633 2905
1634 2857
1634 2436
1634 2387
1635 2794
1635 2899
1635 1789
1636 1646
1636 1647
1636 1641
1637 2806
1637 2837
1637 2887
1637 2905
1638 2598
1638 3030
1639 1640
1640 2387
1641 2959
1641 1647
1642 2520
1642 1671
1642 1723
1642 1793
1643 2806
1643 2949
1644 1659
1644 2942
1644 2841
1644 2818
1645 2818
1646 2903
1648 2466
1648 2423
1648 1653
1649 2818
1649 2903
1649 2959
1650 2880
1650 2905
1650 2887
1650 2837
1651 2794
1651 1921
1651 2899
1651 1683
1652 2942
1652 2818
1652 2949
1653 2818
1653 2423
1655 2887
1656 2664
1656 2639
1656 2532
1657 2832
1657 2959
1658 2949
1658 2818
1658 1744
1658 2832
1659 2899
1659 2841
1659 2818
1660 1686
1660 1921
1660 2662
1660 2227
1661 2887
1661 2748
1661 2799
1661 2916
1662 2860
1662 2794
1663 2532
1663 2666
1663 2662
1664 1720
1664 1790
1665 1752
1665 1698
1665 1720
1665 1688
1666 1921
1667 1674
1667 1675
1667 1681
1668 2860
1668 1677
1668 1669
1668 1722
1669 2860
1669 1722
1669 1677
1670 2899
1670 1765
1671 1715
1671 2662
1671 1723
1671 2532
1672 2868
1672 1774
1673 1692
1673 1752
1673 1720
1674 1681
1674 1675
1675 2899
1675 1681
1676 1790
1676 1805
1676 1752
1676 1719
1677 1693
1677 1759
1678 2794
1678 2818
1678 1753
1679 1720
1679 1688
1679 1682
1679 1714
1680 2818
1680 2832
1682 1712
1682 1719
1682 1703
1682 1720
1683 2794
1683 1921
1683 1887
1684 1686
1685 2818
1685 2899
1685 2860
1686 2818
1686 2794
1687 1921
1687 2794
1688 1736
1688 1720
1689 2942
1689 2860
1689 2899
1690 2899
1690 2794
1690 2818
1691 1719
1691 1703
1692 1752
1693 1759
1694 2832
1694 1742
1694 2818
1696 2818
1696 2794
1697 2818
1697 2899
1698 1720
1698 1707
1699 2899
1700 2794
1700 1887
1700 1921
1701 2969
1701 2975
1701 3033
1702 2532
1702 2210
1702 2153
1702 1921
1703 1714
1703 1720
1703 1719
1704 2660
1704 2818
1704 2794
1705 2837
1706 1857
1707 1720
1708 2818
1709 2794
1709 2818
1710 2794
1710 2818
1711 2897
1712 1714
1712 1719
1712 1720
1713 2532
1713 1921
1713 2153
1714 1720
1715 2153
1715 2860
1715 2662
1715 2210
1716 2755
1716 2752
1716 2899
1716 2905
1717 2195
1717 2901
1717 2684
1718 2201
1719 1720
1720 1754
1720 1736
1721 2714
1721 2929
1722 2818
1722 2860
1723 2794
1723 2662
1723 2532
1724 1814
1724 1752
1724 1790
1725 2905
1725 2903
1725 2818
1725 2723
1726 1727
1726 1813
1726 1760
1726 1769
1727 1733
1727 1813
1727 1760
1728 1769
1729 2900
1729 2942
1729 2818
1729 1791
1730 2864
1730 2843
1731 1736
1731 1753
1732 1744
1732 1759
1732 1765
1732 1779
1733 1760
1733 1783
1733 1775
1734 2886
1734 2818
1734 1736
1735 2334
1735 2324
1735 1788
1735 1736
1736 1753
1736 2818
1736 1754
1737 1753
1737 1785
1738 1763
1738 1790
1738 1748
1738 1810
1739 2950
1740 2664
1740 2662
1741 1777
1741 1755
1741 1810
1741 1790
1742 2818
1742 1765
1742 1779
1742 1744
1743 1779
1743 1812
1743 1769
1743 1780
1744 1754
1744 2276
1744 2818
1744 1765
1745 1765
1745 1812
1745 1794
1746 2917
1746 2818
1746 1754
1747 1814
1747 1748
1747 1810
1748 1814
1748 1810
1748 1790
1749 1805
1749 1790
1749 1752
1750 1761
1750 1797
1750 1789
1751 2210
1751 2794
1752 1765
1752 2818
1753 1788
1754 2818
1755 1814
1755 1790
1756 1763
1756 1790
1757 2794
1758 1779
1758 1765
1758 1800
1758 1759
1759 1779
1759 1765
1760 1813
1760 1761
1760 1771
1761 1772
1761 2818
1761 1771
1762 2201
1762 2818
1762 2027
1763 1814
1763 1777
1763 1810
1763 1790
1764 1765
1765 1779
1765 2818
1766 2818
1767 1769
1767 1813
1767 1812
1768 2818
1768 1771
1769 1779
1769 2818
1769 1813
1770 1813
1771 1786
1771 1772
1772 1784
1773 1879
1773 2532
1773 2794
1774 1879
1774 2922
1775 1783
1776 1792
1776 1781
1777 1790
1777 1811
1778 1781
1778 1785
1778 1803
1779 2818
1780 1812
1781 2818
1782 2751
1782 2818
1782 2820
1784 2949
1785 2818
1785 2323
1787 1812
1788 2324
1789 2818
1789 1812
1791 2900
1791 2818
1793 2922
1793 2532
1793 2794
1794 2818
1795 1796
1798 1800
1798 2324
1798 2277
1801 2942
1803 2324
1804 2666
1804 2662
1804 1857
1807 2818
1807 2328
1809 2818
1811 1814
1815 2227
1816 2818
1816 2616
1817 1897
1817 1869
1817 1863
1817 1835
1818 1829
1818 1835
1818 2921
1818 1825
1819 2852
1819 2840
1820 1838
1820 1822
1820 1841
1820 1821
1821 1841
1821 1840
1821 1838
1821 1822
1822 1841
1822 1840
1822 1838
1823 1836
1823 1843
1823 1828
1823 1832
1824 1836
1824 1842
1824 1843
1824 1832
1825 1835
1825 1871
1825 2740
1826 2594
1826 2666
1826 2227
1826 2662
1827 1842
1827 1836
1827 1832
1828 1842
1828 1832
1829 1842
1829 1843
1829 1835
1830 2475
1830 1840
1831 1843
1831 1836
1831 1842
1833 2195
1833 2901
1833 2684
1834 1995
1834 1971
1834 2730
1834 2616
1835 2900
1835 1843
1835 1842
1836 1843
1837 2168
1838 1840
1838 1841
1839 1843
1840 1841
1842 1843
1844 2569
1844 2818
1844 2516
1845 2205
1845 2679
1846 2903
1847 2795
1847 2578
1847 2794
1848 2722
1848 2598
1849 1935
1849 1952
1849 1967
1849 1899
1850 2818
1850 2837
1850 2014
1850 2949
1851 1991
1851 1909
1851 1894
1851 1880
1852 1974
1852 1961
1852 1867
1852 1863
1853 2002
1853 1888
1853 2006
1853 1965
1854 2905
1854 1993
1854 2921
1854 1990
1855 2818
1855 2905
1856 1927
1856 1869
1857 2794
1857 2860
1858 1978
1858 1864
1858 1863
1858 1961
1859 1867
1859 1961
1859 1884
1859 1864
1860 1934
1860 1865
1860 1994
1860 1948
1861 1863
1861 1862
1861 1983
1862 2076
1862 2679
1863 2837
1863 1961
1863 1978
1864 1961
1864 1915
1864 1949
1864 1916
1865 1948
1865 1934
1865 1866
1865 1994
1866 1948
1866 1934
1866 1994
1867 2012
1867 1953
1867 1961
1868 2201
1868 2794
1868 2899
1868 2818
1869 2801
1869 2730
1869 2026
1869 1991
1870 2841
1870 2900
1871 1994
1871 2801
1871 1925
1871 1963
1872 1948
1872 1934
1872 1994
1873 2818
1873 2375
1874 2323
1875 1991
1875 1899
1875 2005
1876 1906
1876 1974
1876 2020
1877 1935
1877 1967
1877 1899
1878 2704
1878 2794
1879 2966
1879 2922
1879 2608
1880 1993
1880 1894
1880 1909
1881 2801
1881 1920
1881 1963
1882 2024
1882 1972
1882 1982
1882 1979
1883 1953
1883 1974
1883 2020
1883 1906
1884 1961
1885 1901
1885 1906
1885 1992
1886 1906
1886 1898
1886 2025
1886 1964
1887 2210
1887 2794
1887 1921
1888 1911
1888 1973
1888 1965
1888 2006
1889 1981
1889 1967
1889 2616
1889 1899
1890 1907
1890 1947
1890 1954
1890 2005
1891 2834
1891 1993
1891 2835
1892 1982
1892 2024
1892 1976
1892 1979
1893 1978
1893 1961
1894 2740
1894 1909
1895 2730
1895 1991
1895 2026
1896 1934
1896 2801
1896 1994
1897 1964
1897 2025
1897 1991
1897 1995
1898 1995
1898 1905
1898 1964
1898 2025
1899 1967
1899 1952
1900 2138
1900 1985
1901 1995
1901 1992
1901 1981
1902 1949
1902 1915
1902 1916
1903 1925
1903 2837
1903 2903
1904 2532
1904 2818
1905 1995
1905 1964
1905 2025
1906 1961
1906 2000
1906 1974
1907 1935
1907 1967
1907 1923
1908 2679
1909 2900
1910 2020
1910 2900
1911 1973
1911 1965
1911 2006
1912 2002
1912 1989
1912 1944
1912 1931
1913 1916
1913 1988
1913 1915
1913 1949
1914 2513
1915 1916
1915 1949
1916 1988
1916 1949
1917 2835
1917 2730
1917 1991
1917 1999
1918 1961
1918 1953
1918 2022
1918 2021
1919 2900
1919 1984
1919 1983
1920 2905
1920 2738
1921 2534
1921 2794
1922 1927
1922 1924
1922 1926
1922 1967
1923 1954
1923 1927
1924 1926
1924 1927
1924 1935
1925 2616
1925 2801
1925 1963
1926 1927
1926 1967
1927 2031
1928 2900
1929 2144
1930 2837
1930 1963
1931 1989
1931 1944
1931 2921
1932 2730
1932 1999
1932 1974
1933 2616
1933 1981
1934 2801
1934 1994
1934 1948
1935 1967
1936 1953
1936 1978
1936 1961
1937 2975
1939 1961
1941 2837
1941 2730
1942 1981
1943 1974
1943 2020
1943 1961
1944 2002
1944 1993
1944 2921
1944 2740
1945 1974
1945 2000
1945 2020
1945 1961
1946 2030
1946 2014
1946 1960
1947 2005
1947 1954
1948 1994
1949 1988
1950 2031
1951 2921
1951 1990
1951 2740
1951 2015
1952 2009
1953 1961
1953 2012
1955 1961
1955 2012
1956 2949
1957 2818
1957 2899
1957 2905
1958 2002
1958 2001
1958 2921
1959 1975
1959 1994
1959 2013
1960 2014
1960 2030
1961 2012
1962 1963
1962 2835
1963 1994
1963 2801
1964 2025
1965 1973
1965 2006
1966 1972
1966 1979
1966 1982
1968 2794
1968 2818
1968 1977
1969 2678
1969 2722
1970 2195
1970 2901
1970 2684
1971 2025
1971 1994
1971 2616
1972 2024
1972 1979
1973 2006
1974 2020
1975 2801
1976 2738
1977 2900
1977 2818
1979 2024
1979 1982
1980 1981
1980 2887
1980 2525
1981 2949
1981 2730
1981 2616
1982 2024
1983 1984
1983 2730
1985 2158
1985 2178
1985 2138
1986 2837
1986 2806
1986 2818
1988 2018
1989 1993
1989 2740
1989 2002
1989 2001
1990 2900
1990 2837
1990 2880
1990 2905
1991 2730
1991 2616
1993 2837
1993 2900
1993 2835
1994 2801
1995 2025
1996 2605
1997 2730
1998 2195
1998 2901
1998 2684
1999 2616
1999 2730
2000 2020
2001 2002
2001 2740
2002 2835
2002 2740
2003 2818
2003 2738
2007 2897
2007 2899
2008 2304
2008 2818
2008 2475
2010 2025
2011 2900
2011 2880
2014 2900
2015 2835
2015 2900
2015 2921
2016 2835
2017 2018
2019 2949
2021 2022
2023 2900
2026 2616
2027 2794
2027 2117
2029 2801
2032 2921
2033 2095
2033 2123
2033 2043
2033 2037
2034 2119
2035 2045
2035 2472
2035 2107
2036 2903
2036 2907
2036 2201
2036 2046
2037 2095
2037 2043
2037 2123
2038 2818
2039 2949
2040 2949
2040 2818
2041 2069
2041 2083
2041 2080
2041 2058
2042 2045
2042 2052
2042 2047
2043 2095
2043 2123
2044 2120
2044 2063
2044 2059
2046 2903
2046 2201
2047 2116
2047 2052
2048 2115
2048 2050
2048 2054
2049 2101
2049 2679
2049 2057
2050 2054
2050 2115
2051 2067
2051 2679
2052 2123
2053 2608
2053 2794
2053 2899
2053 2818
2054 2115
2055 2679
2055 2056
2056 2679
2056 2691
2057 2679
2058 2060
2058 2084
2058 2061
2059 2101
2059 2063
2060 2083
2060 2061
2061 2121
2061 2122
2062 2103
2062 2093
2062 2116
2063 2101
2064 2794
2064 2899
2064 2818
2065 2687
2065 2722
2065 2678
2067 2949
2067 2903
2068 2102
2068 2104
2068 2103
2068 2100
2069 2083
2069 2081
2069 2070
2069 2120
2070 2080
2070 2120
2072 2078
2072 2077
2072 2073
2073 2078
2073 2077
2073 2101
2074 2082
2074 2081
2074 2080
2074 2084
2075 2794
2076 2679
2077 2679
2077 2101
2077 2078
2078 2679
2078 2101
2079 2370
2080 2084
2080 2085
2080 2081
2080 2083
2081 2085
2081 2083
2081 2084
2082 2084
2082 2089
2083 2089
2083 2085
2084 2089
2084 2085
2085 2089
2086 2195
2086 2901
2086 2684
2087 2089
2091 2900
2091 2818
2092 2101
2093 2116
2093 2679
2093 2264
2094 2475
2094 2818
2094 2942
2095 2123
2097 2818
2097 2210
2097 2922
2100 2102
2100 2104
2100 2103
2102 2103
2102 2104
2103 2104
2105 2370
2105 2483
2105 2107
2105 2481
2106 2112
2106 2110
2106 2113
2106 2111
2107 2472
2107 2481
2108 2900
2108 2201
2108 2818
2108 2117
2109 2481
2109 2113
2109 2483
2109 2111
2110 2112
2110 2111
2110 2113
2111 2114
2111 2113
2112 2113
2113 2114
2117 2900
2117 2818
2124 2645
2124 2679
2125 2723
2126 2219
2126 2173
2126 2154
2126 2130
2127 2195
2127 2901
2127 2684
2128 2207
2128 2173
2128 2231
2129 2211
2129 2131
2129 2130
2129 2173
2130 2150
2130 2211
2130 2131
2131 2134
2131 2173
2131 2170
2132 2224
2132 2225
2132 2226
2132 2179
2133 2171
2133 2134
2134 2173
2134 2171
2134 2170
2135 2158
2135 2178
2135 2157
2135 2136
2136 2156
2136 2162
2136 2179
2137 2158
2137 2157
2137 2138
2137 2160
2138 2178
2138 2177
2138 2180
2139 2162
2139 2159
2139 2213
2139 2165
2140 2173
2140 2170
2140 2171
2141 2169
2141 2175
2141 2217
2142 2162
2142 2198
2142 2173
2143 2225
2143 2236
2143 2213
2143 2178
2144 3024
2144 2850
2144 2647
2145 2691
2145 2173
2146 2178
2146 2162
2146 2156
2146 2180
2147 2226
2147 2225
2147 2219
2148 2206
2148 2900
2149 2195
2149 2901
2149 2684
2150 2173
2150 2211
2151 2618
2152 2173
2152 2180
2152 2226
2152 2225
2153 2662
2153 2594
2153 2605
2154 2157
2154 2156
2154 2159
2154 2225
2155 2162
2155 2156
2155 2230
2155 2160
2156 2162
2156 2160
2156 2158
2157 2160
2157 2159
2158 2159
2158 2160
2158 2178
2159 2162
2159 2160
2161 2168
2162 2178
2163 2171
2163 2170
2164 2208
2164 2706
2165 2178
2165 2170
2165 2213
2167 2198
2167 2225
2167 2173
2168 2195
2168 2901
2168 2684
2169 2691
2169 2170
2169 2206
2170 2173
2170 2171
2171 2206
2171 2173
2172 2852
2172 2840
2174 2722
2174 2619
2175 2206
2176 2178
2176 2236
2177 2179
2177 2180
2177 2178
2178 2179
2178 2180
2179 2180
2181 2230
2181 2213
2182 2843
2183 2843
2183 2458
2184 2203
2185 2213
2189 2225
2189 2217
2190 2225
2190 2226
2191 2794
2191 2594
2192 2763
2192 2713
2193 2864
2193 2843
2193 2458
2194 2546
2195 2901
2195 2684
2196 2582
2197 2211
2198 2200
2198 2212
2198 2202
2199 2202
2199 2212
2199 2200
2200 2212
2200 2202
2201 2837
2201 2818
2201 2900
2202 2212
2204 2216
2204 2223
2204 2226
2205 2208
2205 2224
2205 2232
2206 2225
2208 2691
2208 2674
2208 2232
2209 2219
2210 2818
2213 2236
2214 2458
2216 2225
2217 2226
2220 2221
2223 2225
2224 2691
2224 2232
2225 2226
2227 2794
2227 2662
2228 2651
2228 2661
2232 2691
2232 2674
2233 2901
2233 2684
2237 2380
2237 2244
2237 2456
2237 2419
2238 2370
2238 2475
2239 2304
2239 2363
2239 2260
2239 2478
2240 2806
2241 2499
2241 2427
2241 2304
2241 2475
2242 2427
2242 2475
2243 2475
2244 2390
2244 2409
2244 2417
2244 2412
2245 2468
2245 2360
2245 2478
2245 2392
2246 2901
2246 2684
2247 2291
2247 2354
2247 2286
2247 2312
2248 2355
2248 2377
2248 2384
2248 2289
2249 2263
2249 2260
2249 2304
2249 2361
2250 2478
2250 2292
2250 2264
2250 2304
2251 2498
2251 2370
2251 2396
2251 2340
2252 2395
2252 2356
2252 2374
2252 2338
2253 2451
2253 2450
2253 2254
2253 2454
2254 2453
2254 2454
2254 2381
2255 2818
2255 2499
2256 2453
2256 2454
2256 2431
2257 2794
2258 2675
2258 2678
2258 2683
2258 3066
2259 2474
2259 2478
2259 2396
2259 2370
2260 2361
2260 2355
2260 2263
2260 2304
2261 2468
2261 2499
2261 2390
2262 2825
2262 2704
2262 2818
2263 2304
2263 2355
2263 2390
2264 2450
2264 2370
2264 2343
2265 2423
2266 2818
2266 2394
2266 2486
2267 2818
2269 2490
2269 2306
2269 2274
2269 2296
2270 2287
2270 2499
2270 2313
2271 2391
2271 2490
2271 2467
2272 2942
2272 2499
2272 2818
2273 2324
2273 2277
2274 2296
2274 2276
2274 2306
2275 2296
2275 2492
2275 2283
2276 2490
2276 2300
2276 2296
2277 2818
2278 2662
2279 2355
2279 2304
2279 2301
2279 2406
2280 2334
2280 2489
2281 2403
2281 2355
2281 2289
2281 2303
2282 2818
2282 2324
2282 2499
2282 2323
2283 2296
2284 2898
2284 2499
2285 2327
2285 2318
2286 2291
2286 2354
2286 2355
2287 2499
2287 2375
2288 2744
2288 2818
2289 2294
2289 2355
2289 2384
2289 2377
2290 2380
2290 2413
2290 2499
2290 2355
2291 2354
2291 2312
2292 2499
2292 2403
2292 2355
2292 2304
2293 2394
2293 2499
2293 2302
2294 2377
2294 2355
2294 2413
2295 2499
2295 2401
2296 2300
2297 2323
2298 2305
2298 2413
2298 2308
2299 2355
2299 2305
2299 2304
2301 2333
2301 2499
2301 2304
2301 2387
2302 2412
2302 2394
2302 2418
2303 2413
2303 2403
2303 2355
2304 2403
2304 2355
2305 2308
2307 2531
2307 2524
2307 2480
2308 2403
2309 2377
2309 2384
2310 2327
2310 2990
2311 2333
2312 2354
2313 2499
2313 2355
2313 2412
2314 2357
2314 2337
2314 2494
2314 2322
2315 2578
2315 2532
2316 2355
2316 2818
2316 2324
2316 2499
2317 2359
2317 2330
2317 2329
2317 2373
2319 2479
2319 2443
2319 2320
2320 2441
2320 2362
2320 2479
2321 2499
2322 2493
2322 2494
2322 2404
2322 2330
2323 2324
2324 2445
2325 2370
2325 2371
2326 2578
2326 2480
2326 2556
2327 2333
2327 2990
2329 2359
2329 2388
2329 2330
2330 2349
2330 2388
2331 2452
2332 2489
2332 2461
2333 2387
2334 2489
2335 2386
2335 2354
2335 2447
2335 2352
2336 2544
2336 2480
2336 2405
2337 2362
2337 2818
2338 2374
2338 2395
2338 2443
2338 2442
2339 2376
2339 2465
2339 2400
2339 2404
2340 2396
2340 2342
2340 2370
2341 2818
2342 2371
2342 2428
2343 2499
2343 2370
2344 2409
2344 2414
2344 2417
2344 2410
2345 2357
2345 2905
2345 2422
2346 2401
2346 2818
2347 2369
2347 2553
2347 2527
2348 2818
2349 2373
2349 2497
2351 2857
2351 2387
2351 2436
2352 2442
2352 2447
2353 2818
2353 2394
2353 2375
2355 2403
2356 2441
2356 2402
2356 2442
2356 2374
2357 2494
2357 2818
2357 2375
2359 2497
2359 2488
2359 2373
2360 2392
2360 2429
2361 2370
2361 2390
2362 2370
2362 2442
2362 2443
2363 2478
2363 2485
2363 2477
2364 2472
2365 2443
2365 2818
2366 2423
2366 2379
2367 2371
2368 2403
2368 2413
2369 2594
2369 2532
2369 2527
2369 2578
2370 2474
2370 2485
2370 2396
2371 2428
2372 2375
2372 2818
2373 2488
2373 2497
2374 2441
2374 2442
2375 2394
2375 2818
2376 2493
2376 2404
2376 2400
2377 2384
2378 2594
2378 2513
2378 2514
2378 2578
2379 2466
2379 2818
2379 2841
2380 2406
2380 2413
2381 2453
2381 2454
2382 2488
2383 2451
2383 2450
2385 2527
2385 2480
2387 2818
2387 2436
2387 2857
2388 2497
2389 2578
2391 2818
2392 2898
2392 2429
2393 2499
2394 2818
2395 2442
2395 2402
2395 2441
2396 2478
2397 2427
2397 2475
2398 2448
2399 2820
2400 2496
2400 2493
2400 2404
2400 2465
2401 2818
2401 2820
2402 2442
2404 2493
2404 2465
2404 2496
2405 2556
2405 2480
2406 2409
2406 2412
2407 2409
2407 2412
2407 2414
2408 2499
2409 2410
2409 2414
2409 2412
2410 2414
2410 2412
2411 2499
2411 2448
2412 2414
2416 2594
2416 2664
2418 2459
2420 2704
2420 2818
2421 2456
2421 2487
2421 2450
2421 2454
2422 2818
2424 2481
2424 2471
2424 2462
2424 2433
2425 2578
2426 2886
2426 2897
2426 2874
2426 2493
2427 2818
2427 2475
2429 2898
2429 2468
2430 2898
2431 2453
2431 2454
2432 2450
2432 2451
2433 2472
2433 2462
2434 2441
2435 2513
2435 2594
2435 2553
2436 2959
2436 2818
2436 2857
2438 2496
2439 2443
2439 2442
2439 2441
2440 2442
2440 2441
2441 2443
2441 2442
2442 2443
2444 2942
2444 2818
2446 2578
2446 2523
2446 2583
2446 2594
2447 2472
2448 2499
2448 2818
2450 2454
2450 2451
2451 2454
2453 2454
2454 2487
2455 2841
2455 2818
2455 2874
2457 2458
2457 2582
2458 2901
2458 2684
2464 2857
2465 2496
2465 2493
2467 2490
2468 2898
2469 2852
2469 2840
2470 2484
2470 2483
2470 2485
2471 2481
2471 2477
2471 2485
2471 2479
2472 2818
2472 2475
2473 2478
2473 2476
2474 2477
2474 2478
2474 2485
2476 2477
2476 2485
2477 2478
2477 2485
2478 2485
2479 2485
2480 2544
2480 2524
2481 2818
2482 2483
2486 2942
2486 2818
2488 2497
2491 2852
2491 2840
2493 2496
2500 2662
2501 2541
2503 2614
2503 2578
2503 2594
2504 2516
2505 2674
2505 2687
2505 2691
2506 2942
2507 2532
2508 2642
2509 2901
2509 2684
2510 2630
2510 2594
2511 2553
2511 2549
2511 2737
2512 2556
2513 2594
2513 2818
2513 2794
2514 2818
2514 2594
2515 3066
2515 2922
2517 2578
2517 2544
2518 2614
2518 2594
2518 2794
2520 2664
2520 2662
2520 2594
2520 2564
2523 2556
2524 2531
2525 2900
2525 2806
2525 2905
2526 2629
2527 2556
2528 2536
2530 2594
2532 2664
2533 2752
2533 2995
2534 2818
2534 2794
2535 2937
2536 2541
2537 2831
2537 2937
2538 2794
2539 2578
2540 2572
2541 2544
2542 2594
2542 2744
2543 2661
2544 2556
2545 2578
2546 2901
2546 2684
2549 2614
2551 2995
2552 2575
2552 2574
2552 2577
2553 2556
2553 2594
2556 2578
2557 2661
2557 2663
2558 2818
2558 2594
2558 2794
2559 2995
2560 2818
2560 2820
2563 2643
2563 2570
2564 2614
2564 2594
2564 2565
2565 2578
2565 2594
2566 2569
2567 2687
2568 2995
2568 2630
2570 2594
2570 2578
2571 2572
2572 2594
2573 2594
2578 2594
2579 2605
2579 2594
2580 2607
2580 2605
2580 2594
2581 2614
2581 2594
2582 2901
2582 2684
2583 2614
2583 2594
2584 2614
2584 2594
2586 2602
2587 2995
2587 2855
2589 2599
2590 2595
2591 2684
2592 2602
2593 2606
2593 2692
2593 2596
2594 2614
2594 2818
2594 2794
2595 2607
2596 2607
2596 2614
2598 2995
2599 2614
2600 2607
2600 2614
2601 2816
2601 2806
2601 2856
2602 2614
2605 2818
2605 2794
2606 2614
2606 2624
2607 2717
2607 2794
2608 2922
2608 2942
2608 2818
2609 2614
2611 2696
2613 2614
2614 2794
2614 2818
2615 2717
2615 2816
2616 2905
2616 2900
2617 2903
2617 2723
2618 2691
2618 2678
2619 2678
2619 2673
2620 2900
2620 2936
2620 2830
2621 2852
2621 2840
2622 2900
2622 2623
2624 2794
2624 2922
2626 2661
2628 2890
2629 2901
2629 2684
2631 2942
2632 2744
2632 2704
2633 2681
2634 2645
2634 2682
2635 2681
2635 2643
2636 2710
2636 2773
2637 2745
2637 2903
2637 2805
2638 2681
2638 2643
2639 2745
2639 2903
2641 2679
2641 2645
2642 2645
2642 2679
2643 2681
2644 2681
2645 2679
2647 2902
2647 2901
2648 2774
2650 2794
2651 2901
2651 2684
2652 2666
2653 2901
2653 2684
2656 2903
2656 2794
2656 2818
2657 2922
2660 2899
2660 2794
2660 2818
2660 2870
2661 2901
2661 2684
2662 2664
2663 2901
2663 2684
2664 2666
2665 3024
2667 2899
2667 2668
2667 2671
2668 2942
2668 2671
2668 2818
2669 2671
2670 2723
2671 2818
2671 2870
2672 2686
2672 2673
2673 2674
2673 2722
2673 2678
2673 2691
2674 2691
2674 2685
2675 2806
2675 2678
2676 2678
2676 2691
2678 2683
2678 2691
2680 2852
2680 2840
2683 2722
2684 2901
2685 2691
2686 2691
2688 2691
2690 2903
2691 2722
2692 2722
2695 2939
2695 2714
2695 2719
2696 2942
2696 2717
2696 2903
2697 2751
2697 2698
2697 2903
2697 2699
2698 2958
2698 2856
2698 2699
2699 2856
2700 2949
2700 2903
2703 2903
2703 2717
2703 2887
2704 2731
2704 2903
2704 2723
2705 2955
2705 2900
2706 2722
2707 2794
2707 2903
2709 2856
2710 2892
2710 2745
2712 2900
2713 2901
2714 2715
2715 2738
2716 2812
2717 2903
2717 2959
2718 2852
2718 2840
2719 2806
2720 2806
2720 2960
2720 2900
2720 2744
2722 2995
2723 2825
2723 2818
2723 2903
2724 2806
2724 2823
2725 2949
2725 2752
2725 2942
2725 2825
2726 2732
2726 2928
2726 2883
2727 2744
2728 2894
2728 2825
2728 2903
2729 2861
2729 2854
2729 2900
2730 2801
2730 2835
2730 2900
2731 2903
2732 2744
2732 2900
2733 2784
2734 2751
2734 2923
2734 2907
2735 2921
2735 2835
2735 2920
2735 2740
2736 2902
2736 2901
2738 2900
2738 2905
2739 2835
2739 2740
2740 2921
2741 2818
2741 2865
2741 2880
2741 2900
2742 2942
2742 2791
2742 2841
2743 2751
2743 2880
2743 2744
2743 2900
2744 2905
2744 2818
2745 2905
2745 2949
2745 2903
2745 2887
2746 2852
2746 2840
2747 2818
2747 2794
2747 2942
2748 2918
2748 2806
2748 2751
2749 2777
2750 2960
2750 2837
2750 2941
2750 2900
2751 2905
2752 2903
2752 2818
2752 2905
2753 2864
2755 2806
2755 2905
2755 2837
2756 2928
2756 2854
2757 2805
2757 2918
2757 2892
2758 2949
2758 2925
2758 2903
2759 2907
2759 2928
2759 2790
2759 2960
2760 2865
2761 2864
2763 2901
2764 2818
2765 2900
2766 2942
2766 2818
2767 2899
2767 2942
2768 2928
2768 2900
2768 2960
2768 2946
2769 2806
2769 2856
2770 2928
2770 2793
2770 2900
2771 2900
2771 2880
2771 2865
2772 2777
2772 2907
2773 2786
2773 2796
2773 2790
2774 2901
2775 2905
2775 2900
2776 2788
2776 2882
2777 2806
2778 2818
2778 2880
2779 2931
2779 2900
2779 2936
2780 2942
2780 2818
2781 2806
2782 2942
2783 2887
2783 2905
2784 2831
2785 2942
2785 2959
2785 2818
2786 2787
2786 2928
2786 2793
2786 2900
2787 2874
2787 2837
2787 2928
2787 2900
2788 2805
2788 2806
2789 2900
2790 2960
2790 2946
2791 2905
2791 2942
2791 2818
2792 2855
2792 2995
2793 2928
2793 2900
2794 2818
2794 2942
2796 2960
2796 2941
2797 2837
2799 2903
2799 2905
2799 2806
2800 2939
2800 2936
2801 2900
2801 2835
2802 2904
2802 2995
2803 2920
2804 2905
2804 2818
2804 2903
2804 2949
2805 2837
2805 2905
2806 2905
2806 2837
2807 2880
2807 2900
2808 2880
2808 2900
2808 2960
2809 2925
2809 2878
2810 2926
2811 2894
2812 2849
2812 2907
2813 2960
2813 2814
2814 2900
2814 2865
2815 2856
2815 2943
2815 2816
2815 2958
2816 2935
2817 2886
2817 2841
2817 2942
2817 2818
2818 2942
2822 2887
2822 2905
2823 2928
2824 2900
2825 2903
2826 2905
2826 2949
2827 2919
2827 2832
2827 2959
2828 2876
2828 2865
2829 2837
2829 2905
2830 2900
2830 2865
2831 2942
2832 2942
2832 2959
2834 2835
2835 2900
2837 2880
2837 2887
2837 2949
2837 2905
2838 2900
2839 2900
2840 2852
2841 2942
2842 2900
2843 2901
2844 2865
2844 2931
2846 2932
2846 2923
2847 2942
2848 2949
2848 2878
2848 2903
2851 2941
2851 2928
2853 2936
2853 2900
2854 2900
2855 2995
2856 2895
2856 2958
2857 2959
2858 2900
2858 2936
2860 2942
2860 2899
2861 2936
2861 2900
2862 2949
2862 2903
2863 2949
2864 2901
2865 2900
2865 2880
2866 2931
2866 2936
2867 2903
2867 2905
2868 2949
2869 2926
2870 2942
2871 2928
2871 2946
2873 2934
2875 2954
2875 2891
2877 2946
2877 2908
2878 2903
2878 2925
2879 2900
2880 2905
2883 2936
2883 2900
2885 2897
2885 2903
2885 2905
2886 2942
2887 2905
2888 2900
2888 2941
2890 2900
2891 2900
2891 2954
2892 2903
2894 2903
2894 2942
2895 2958
2896 2899
2897 2905
2897 2942
2897 2899
2898 2942
2899 2942
2903 2949
2905 2949
2908 2928
2913 2947
2915 2926
2919 2959
2922 2966
2924 2949
2925 2949
2926 2935
2929 2941
2931 2960
2933 2935
2937 2948
2946 2960
2947 2960
2957 2960
2964 3008
2964 3025
2966 3066
2968 3028
2968 2989
2969 3001
2969 3043
2969 3033
2969 3046
2972 3030
2972 2982
2973 2986
2973 2975
2974 3019
2974 3001
2974 3043
2975 3035
2978 3048
2978 3043
2984 2987
2986 3014
2986 3021
2989 3028
2992 3043
2992 2993
2993 2998
2996 2998
3001 3019
3001 3046
3003 3047
3008 3027
3011 3017
3014 3033
3014 3021
3018 3046
3018 3033
3019 3033
3021 3033
3021 3043
3023 3046
3023 3033
3031 3033
3033 3043
3038 3047
3051 3060
3051 3053
3051 3055
3051 3058
3053 3055
3053 3058
3054 3055
3056 3058
3056 3057
3057 3058
3058 3060
3059 3060
3061 3064
3061 3062
