0 2194
0 3184
1 523
1 4768
2 3091
2 2269
3 4140
3 3184
4 883
4 3568
5 4688
5 4983
6 2088
6 2210
7 1082
7 177
8 345
8 4874
9 1133
9 65
10 1372
10 83
11 3899
11 3413
12 3586
12 360
13 3971
13 1647
14 39
14 3971
15 1085
15 3694
16 777
16 17
17 1745
18 2859
18 501
19 2449
19 3859
20 327
20 24
21 1763
21 2087
22 4279
22 4163
23 37
23 45
24 327
25 47
25 30
26 3259
26 628
27 662
27 3993
28 249
28 193
29 2681
29 2679
30 47
31 402
31 2355
32 60
32 62
33 110
33 1558
34 4521
34 3658
35 233
35 133
36 268
36 93
37 45
38 683
39 3591
39 376
40 1388
40 1475
41 1462
41 297
42 84
43 233
43 144
44 4876
44 4821
46 1416
46 1436
48 62
48 60
49 528
49 1025
50 985
50 381
51 167
51 1392
52 205
52 619
53 258
53 176
54 3981
54 5122
55 67
55 2605
56 5172
56 229
57 4129
57 262
58 1621
58 1128
59 2000
59 3807
60 62
61 1722
61 4177
63 733
63 66
64 393
64 1875
65 937
66 163
67 2605
68 326
68 1077
69 2636
69 3235
70 2225
70 2565
71 4360
71 2930
72 441
72 292
73 5171
73 4231
74 273
74 108
75 3952
76 1166
76 689
77 4194
77 5065
78 3250
78 251
79 4394
79 1682
80 3558
80 3184
81 2407
81 4707
82 1162
82 3820
83 114
84 1408
86 3310
86 216
87 3840
87 518
88 201
88 1616
89 5146
90 2028
90 2122
91 2598
91 2083
92 1082
92 775
93 268
94 2565
95 787
96 271
96 657
97 1296
97 2060
98 1160
98 3611
99 4157
99 275
100 189
100 573
101 1161
101 533
102 295
102 133
103 1105
103 242
104 1224
104 316
105 4765
105 2862
106 459
106 147
107 1553
107 232
108 273
109 261
110 175
111 285
111 287
112 347
112 325
113 5107
113 3707
115 316
115 648
116 5122
116 299
117 5015
117 1743
118 1863
118 4937
119 4664
120 4519
121 542
121 356
122 4233
122 211
123 4482
123 139
124 832
124 1088
125 2837
125 1027
126 607
126 161
127 839
127 505
128 618
128 182
129 1109
129 3422
130 1097
130 3676
131 4991
131 158
132 1065
132 3405
133 295
134 1211
134 314
135 4799
135 2662
136 3600
136 2652
137 1904
137 2747
138 537
138 218
139 4673
139 5065
140 1273
140 3310
141 3064
141 1017
142 2833
143 2356
143 3146
144 233
145 3991
145 4026
146 278
146 2163
147 3276
148 189
148 573
149 2662
150 802
150 1842
151 768
151 588
152 735
152 5194
153 278
153 1346
154 2178
154 1086
155 3674
155 1485
156 164
156 168
157 992
157 3129
158 1677
159 5093
159 5040
161 310
162 5012
162 3297
164 168
164 170
165 377
165 222
166 1105
167 394
167 329
168 170
169 890
169 2232
171 260
171 1441
172 2102
172 293
173 1179
173 1042
174 2857
174 587
175 200
175 199
176 359
177 261
177 776
178 878
178 4164
179 292
179 4154
180 463
180 1214
181 2551
181 950
182 618
183 1317
183 286
184 196
184 207
185 1043
185 529
186 2640
186 408
187 4422
187 1559
188 969
188 5117
189 573
190 198
190 2228
191 943
191 470
192 1094
192 3982
193 249
193 3676
194 4034
194 3687
195 688
195 562
196 323
197 3849
197 5170
198 1780
198 2228
199 2397
200 271
201 4020
202 444
202 1171
203 1384
203 4118
204 3296
204 1767
205 267
206 216
206 1800
207 323
208 4081
208 3962
209 554
209 2754
210 4381
210 269
211 2733
212 1028
212 1031
213 1715
213 4958
214 910
214 3393
215 1162
215 3229
216 4944
218 537
219 2609
219 353
220 4266
220 3571
221 4250
221 894
222 4263
223 2580
223 2013
224 3410
224 3986
225 3344
225 594
226 714
227 4885
227 4673
228 1360
228 1318
229 239
230 3457
230 784
231 253
231 236
232 2186
233 852
233 460
234 1388
234 490
235 4339
235 4334
236 497
236 253
237 3323
237 627
238 1957
238 945
239 2394
240 492
240 3726
241 1425
241 3550
242 1105
243 5042
243 922
244 4596
244 3870
245 262
245 3727
246 3413
246 3411
247 255
247 251
248 1999
248 4458
249 3676
250 1094
250 1065
251 255
252 5040
252 2698
254 4164
254 3198
256 267
256 344
257 4759
257 2100
259 1464
259 601
260 1441
260 331
261 1177
261 776
262 2633
263 765
263 642
264 4666
264 4572
265 559
265 324
266 2906
266 397
267 4244
269 2230
269 3215
270 862
270 1525
271 2475
273 693
274 1446
274 4739
275 4171
276 331
277 1220
277 2853
278 1346
279 1060
279 3006
280 4596
280 1817
281 3800
281 3855
282 2236
282 963
283 1088
284 3975
284 3958
285 287
286 2892
286 2895
288 4958
288 1314
289 4020
289 959
290 1965
290 2687
291 2848
291 1314
292 1995
293 1346
293 2997
296 3343
296 2169
297 4596
298 1321
298 2141
299 3231
299 1311
300 2230
301 861
301 1165
302 3023
302 898
303 2815
303 1881
304 1685
304 623
305 4509
305 4619
306 4994
306 2616
307 1610
307 4449
308 4411
308 2182
309 4362
309 4598
311 972
311 559
312 1240
312 1005
313 1498
313 772
314 1068
315 2687
315 3321
316 1224
317 4311
317 4892
318 993
318 919
319 4142
319 1180
320 4686
320 1061
321 4351
321 4951
322 3558
322 4112
323 484
323 1074
324 937
325 347
326 1077
328 4617
328 3708
329 1341
330 445
330 1098
331 640
332 2103
332 4265
333 2473
333 1764
334 1470
335 664
335 4037
336 1120
336 4157
337 4380
337 5178
338 1058
338 3575
339 3345
339 2009
340 2103
340 4265
341 666
341 2186
342 3708
343 3945
343 438
344 959
344 752
345 4355
346 3692
346 2961
348 526
348 352
349 1360
349 5172
350 882
350 495
351 1311
351 1155
352 478
353 1902
353 1156
355 1978
355 4461
356 1385
356 542
357 4346
357 1904
358 878
358 2204
359 3385
361 697
361 1586
362 2863
362 557
363 1309
363 408
364 1508
364 1211
365 1358
365 2510
366 4958
366 494
367 1941
367 3499
368 1035
368 3954
369 781
369 1123
370 1219
370 625
371 4490
371 374
372 1055
372 1413
373 1498
373 772
374 4490
375 388
376 3591
377 384
378 2028
378 1309
379 3202
379 2320
380 2099
380 2520
381 985
382 383
382 3592
383 387
383 3592
384 2175
384 1689
385 1044
385 475
386 530
386 1805
387 3592
388 4491
389 1296
389 2060
390 2249
390 1458
391 3215
391 4525
392 487
392 3938
393 1875
395 3218
395 886
396 3310
396 1273
397 2906
398 2650
398 3239
399 575
399 3110
400 3769
400 3774
401 3223
401 1257
402 604
402 404
403 1497
403 1012
404 604
406 1839
406 4596
407 3983
407 4263
408 652
408 1309
409 2744
409 3218
410 1211
410 1331
411 3995
411 2374
412 5143
412 3402
413 4491
413 4140
414 4292
414 1603
415 4063
415 4064
416 1634
416 1194
417 1304
417 1193
418 972
419 940
419 2113
420 627
420 422
421 864
421 1588
422 1263
423 1911
423 795
424 1194
424 1509
425 3865
425 3019
426 1916
426 2067
427 1868
427 2837
428 1708
428 440
429 3323
429 1238
430 753
430 2588
431 1890
431 1779
432 3720
432 659
433 2500
433 1213
434 2665
434 1343
435 4891
435 2836
436 1309
437 5035
438 4293
439 1309
440 1708
441 472
442 4283
442 1846
443 5077
443 769
444 1498
444 772
445 1446
446 4596
446 897
447 2580
447 2091
448 2520
448 1676
449 4123
449 2225
450 3721
450 5163
451 1110
452 3662
452 1442
453 1537
453 1164
454 474
455 1497
455 1924
456 3084
456 4266
457 493
457 465
458 1309
458 2410
459 486
460 852
461 1220
462 463
462 471
463 1214
464 517
464 1659
465 507
466 485
466 874
467 3121
467 1299
468 1928
468 4164
469 1516
469 2212
470 1648
471 503
472 4681
472 1089
473 3293
473 4402
474 2212
475 527
476 3826
477 1190
477 736
478 874
478 987
479 3764
479 3911
480 847
480 499
481 1369
481 3283
482 1941
482 4883
483 2156
483 1343
484 489
484 4341
485 1602
485 1455
486 979
487 4860
487 4523
488 861
488 1375
489 4980
490 1535
490 875
491 2734
491 4551
492 3726
492 2413
494 3344
494 1519
495 882
496 1257
496 4984
497 4034
498 4572
498 2255
499 1217
500 2780
500 2791
501 2301
501 865
502 3524
502 1422
504 1641
504 3689
505 839
505 4876
506 1004
506 992
507 1461
507 1220
508 1570
508 1441
509 3886
509 4801
510 3870
510 4811
511 4020
511 1616
512 1392
512 1380
513 3887
513 3330
514 3777
514 4460
515 1743
515 4339
516 1916
517 1659
518 3840
519 883
519 3709
520 1562
520 3798
521 569
521 1496
522 1279
522 1773
523 826
524 1724
524 1242
525 1916
525 4062
526 1019
526 1578
527 915
528 1385
529 2426
529 3878
530 1805
531 3184
531 3289
532 1620
532 895
533 1161
534 2999
534 3558
535 1993
535 4202
536 1161
538 3919
538 1022
539 1446
540 874
540 1488
541 1287
541 5156
542 646
543 2004
544 3323
544 897
545 749
545 743
547 4876
547 4666
548 2866
548 1346
549 1374
549 728
550 671
550 1120
551 662
551 1206
552 1369
552 618
553 3583
553 1478
554 3854
555 3437
555 1055
556 3330
557 656
558 3218
558 867
559 651
560 684
561 2999
561 1220
562 724
563 2578
563 1152
564 709
564 574
565 744
565 899
566 3296
566 1849
567 1231
567 1359
568 3176
569 1376
570 728
570 654
571 2473
571 2894
572 1904
572 3189
574 709
575 4223
576 1533
576 1189
577 2306
577 2022
578 888
578 1515
579 4846
579 4342
580 1374
581 5185
581 782
582 4520
582 4934
583 5172
583 1743
584 3283
584 4993
585 4001
585 4403
586 948
586 945
587 2857
588 1328
589 883
589 1138
590 4487
590 1328
591 1985
591 1983
592 4596
592 621
593 1068
593 1488
594 4865
595 4520
595 1720
596 1523
596 1279
597 3539
597 793
598 606
598 3421
599 883
599 604
600 3723
601 1464
602 1657
602 1050
603 1318
604 2409
604 883
605 4457
606 675
607 2671
607 1335
608 852
609 926
609 1446
610 621
610 4596
611 4799
612 4811
612 4853
613 687
613 1315
614 1534
614 804
615 708
615 637
616 719
617 1748
617 1780
619 4188
619 4410
620 899
621 4596
621 1567
622 4840
622 2015
623 1685
624 2982
624 1434
625 5130
625 4851
626 3758
626 1558
627 657
627 973
628 2680
628 3259
629 1716
629 1124
630 1410
631 1086
631 1707
632 3173
632 1350
633 2963
633 2094
634 4642
634 1111
635 799
636 3242
636 883
637 745
638 2374
639 1925
639 698
640 777
641 5194
641 2566
642 765
643 4024
643 3681
644 4903
644 2394
645 4350
645 2125
646 1243
647 1371
647 796
648 1224
649 1344
649 1866
650 2178
650 670
652 1718
652 2035
653 2140
653 723
654 728
655 4572
655 4276
656 3743
657 973
658 729
658 2811
659 1581
660 5194
660 735
661 4927
661 690
662 1206
663 1250
663 885
664 4710
664 4037
665 3993
666 974
666 1225
667 716
667 1329
668 1207
668 2837
669 783
669 1414
670 1631
672 4612
672 3202
673 1587
673 874
674 1724
674 3328
675 837
676 741
677 1263
677 977
678 1263
678 4038
679 695
680 1835
680 1335
681 874
681 875
682 775
682 1393
683 807
683 747
685 1998
685 3323
686 716
686 1329
687 3313
688 1223
689 743
690 869
691 3006
691 4481
692 5194
692 2566
693 1455
694 4975
694 3730
695 3718
696 2050
696 2846
697 1586
698 980
699 4217
699 1997
700 4339
700 3558
701 4274
701 4525
702 711
702 1250
703 4720
703 1990
704 3051
704 763
705 898
706 4170
707 2394
707 4920
708 745
710 3038
710 2467
711 1343
712 3184
712 1056
713 4700
713 1258
715 1880
715 738
716 1329
717 4811
717 808
718 3767
718 719
719 3202
720 977
721 3426
721 1306
722 1401
722 1160
723 2140
725 3688
725 4596
726 3362
726 3260
727 2608
729 3697
729 2811
730 4143
730 2853
731 3089
731 764
732 1404
732 3089
733 831
734 1146
734 1081
735 5194
736 1024
737 3215
737 4876
738 2425
739 3882
739 4062
740 3781
740 771
741 1888
742 1384
742 3981
743 749
743 5133
744 899
746 5126
746 1116
747 1943
748 5126
748 1118
750 885
751 1449
752 4958
752 3911
753 777
753 1049
754 3443
755 3467
755 3461
756 2450
756 1868
758 2461
759 1871
759 1804
760 4403
760 1790
761 5002
761 4576
762 4143
763 3196
764 3260
765 2043
766 4104
767 1311
767 3172
769 1588
770 3324
770 4286
771 1929
772 1498
773 1021
773 774
774 3665
775 1393
775 1470
777 1049
778 4321
778 2109
779 2583
779 790
780 4746
780 4458
781 1123
782 3791
783 1269
783 1414
784 1496
785 2896
785 1123
786 2234
786 2378
787 1488
788 2446
788 3417
789 1753
789 2769
790 1367
791 3574
791 2786
792 3395
792 1024
793 1498
794 1347
796 2164
796 1132
797 3296
797 1767
798 1419
801 2369
801 4831
803 2017
803 1761
804 1190
805 4314
805 4506
806 2566
808 1550
809 2859
809 1799
810 1922
810 1943
811 4120
811 3607
812 827
813 883
813 1403
814 1111
814 4807
815 3357
815 3356
816 1379
816 1796
817 1971
817 1660
818 3995
818 3843
819 4020
819 1200
820 4188
821 2627
821 822
822 2627
823 3692
823 1290
824 4743
824 1268
825 2616
825 4907
826 4115
828 1268
828 4616
829 3195
829 842
830 4506
830 1770
832 1372
832 1088
833 4876
833 1406
834 4361
834 3067
835 1363
835 1338
836 3282
836 1489
838 1413
838 1523
840 4865
840 5122
841 1389
842 945
842 1595
843 5068
843 1418
844 1383
844 1769
845 4075
845 3992
846 3067
846 988
847 1907
848 883
848 4474
849 5068
850 1097
850 3676
851 3695
851 1740
853 2847
853 964
854 1622
855 996
855 2451
856 5172
856 859
857 1525
857 2295
858 933
858 904
859 1472
860 5169
860 2897
861 1375
861 933
862 3245
862 3249
863 1733
863 1034
864 3078
865 1694
865 933
866 1745
866 997
867 1127
868 2808
868 4201
869 948
869 2473
870 1455
870 1602
871 1140
871 1794
872 4126
872 2197
873 4020
873 3778
874 983
874 2530
875 1535
877 2298
877 912
878 4432
878 4164
880 881
881 4116
883 2409
884 5002
884 3435
885 1250
886 1657
887 4578
887 4806
888 2483
888 4774
889 3732
889 970
890 2232
891 2279
891 2948
892 2592
892 1912
893 970
893 1644
894 4578
895 913
895 1332
896 1053
896 5054
897 5007
897 3323
898 2235
900 3206
900 1846
901 1376
902 2449
902 3859
903 1468
903 911
905 1002
905 917
906 5042
906 4988
907 3859
907 2449
908 3303
909 3726
910 4305
910 4821
911 1468
912 2298
913 3065
914 2504
914 2154
916 4523
916 5129
917 1002
918 5178
918 4345
919 993
920 1594
920 1914
921 2073
922 3184
922 2906
923 4177
923 1408
924 1132
925 3494
925 1419
926 1446
926 1492
927 1442
927 4831
928 1916
929 1730
929 1599
930 1812
931 3184
931 3548
932 937
933 1694
934 4020
935 1592
936 2882
936 2661
938 2412
938 1007
939 1447
939 3984
940 976
941 4982
941 3159
942 1757
943 978
944 2374
944 1941
945 948
946 4876
946 3323
947 2266
947 4458
949 3815
949 1023
950 2551
950 1043
951 1913
951 1451
952 1581
953 1468
953 960
955 1043
956 3611
956 3300
958 1824
958 1721
959 4876
960 1468
961 3436
961 1938
962 3960
962 4666
963 2236
964 2847
965 1406
966 3313
966 1383
967 1451
967 975
968 1858
968 4646
969 1030
969 2089
971 4116
971 3692
972 1129
974 1225
975 1451
978 4603
980 1925
981 2218
982 3297
983 1329
984 3371
984 3552
985 1930
985 1159
986 997
986 2371
987 1521
988 1740
989 2781
990 2221
990 1601
991 2900
991 1653
992 1138
994 2911
994 1635
995 4902
995 1430
996 2394
996 3343
997 1745
998 1120
999 1663
1000 3343
1001 5134
1001 1497
1003 1772
1003 3454
1004 4020
1004 4381
1005 1616
1005 2504
1006 2334
1006 3773
1008 1492
1009 1750
1009 2131
1010 1380
1011 3406
1012 3310
1013 5101
1013 1515
1014 1681
1014 4164
1015 2569
1015 1275
1016 4449
1016 3141
1017 2198
1018 1031
1018 4083
1019 1504
1020 1409
1020 2296
1021 2031
1022 2787
1023 3815
1025 1341
1026 1027
1026 5006
1027 3410
1027 3986
1028 3284
1028 3820
1029 1132
1030 2080
1032 2937
1032 2939
1033 1843
1034 1733
1035 1058
1035 1573
1036 3681
1036 4024
1037 1383
1038 1096
1038 4876
1039 2596
1039 1468
1040 2098
1040 4563
1041 3558
1041 4140
1042 1179
1044 2014
1045 2055
1046 1747
1046 3005
1047 2607
1047 1609
1048 2495
1048 1977
1049 3606
1050 1399
1051 1082
1051 1364
1052 2452
1053 2837
1053 1286
1055 1413
1056 3146
1056 3869
1058 1919
1058 1573
1059 1640
1059 2117
1060 3006
1061 4686
1062 1788
1062 1409
1063 1467
1064 1078
1064 1066
1065 4020
1065 1094
1066 1078
1067 3755
1067 4958
1068 1211
1069 4572
1070 4876
1070 5134
1071 1144
1071 3726
1072 3992
1072 1442
1073 1099
1073 1288
1074 2895
1075 1521
1076 3981
1076 2252
1078 2822
1079 1115
1080 2777
1080 1262
1081 1146
1082 1148
1083 4024
1083 3792
1084 1302
1084 1195
1086 4388
1086 1707
1087 3489
1087 3197
1089 4681
1090 4621
1090 3038
1091 4143
1091 5138
1092 3609
1092 2437
1093 1907
1094 3323
1095 2447
1095 3571
1096 4978
1097 3676
1098 2434
1099 1288
1100 3585
1100 4795
1101 1671
1101 2128
1102 1690
1102 2096
1103 4463
1103 2614
1106 1398
1108 1962
1108 1291
1109 4432
1109 4164
1111 4876
1112 1117
1112 1115
1113 1630
1114 4713
1115 1117
1116 5126
1118 5126
1119 1983
1119 4068
1121 3010
1121 3017
1122 4341
1124 1716
1125 3547
1126 3395
1127 3505
1128 4506
1128 1621
1130 1451
1131 4907
1132 2164
1133 3184
1134 4140
1134 1147
1135 1188
1135 1136
1136 1438
1136 1188
1137 1139
1139 3688
1140 1236
1140 1159
1141 3609
1142 1160
1143 3184
1144 3609
1145 2585
1145 1846
1147 3800
1149 4391
1149 2732
1150 3144
1150 4708
1151 1453
1151 1584
1152 2129
1153 1896
1153 1426
1154 4112
1154 1725
1155 1928
1156 1168
1157 3460
1157 2123
1158 1973
1158 2875
1159 1540
1160 1401
1162 3439
1162 3959
1163 1401
1164 1881
1164 2263
1166 1468
1167 2520
1171 2179
1172 1427
1172 1449
1173 3494
1173 5060
1174 2106
1174 3165
1175 1528
1175 4232
1176 1732
1176 1933
1178 1219
1181 3161
1181 2456
1183 1266
1183 1382
1184 1605
1184 1714
1185 1208
1185 2700
1187 2031
1188 1438
1189 1998
1190 1474
1191 1874
1191 1839
1192 1891
1193 1304
1194 1634
1195 1302
1196 1983
1196 4572
1197 4140
1197 1963
1198 3786
1198 4461
1199 2612
1199 4859
1200 1752
1201 2596
1202 4876
1202 3178
1203 1266
1203 1316
1204 1479
1205 4458
1206 1763
1207 3558
1207 3184
1208 1741
1208 1253
1209 3571
1210 1687
1211 1274
1212 4510
1212 4491
1213 2109
1213 1788
1215 2054
1215 1610
1216 1932
1217 1256
1218 1226
1218 4535
1219 3676
1220 2894
1220 2285
1221 1571
1221 1443
1222 4593
1222 1607
1223 4142
1223 1412
1226 4535
1227 2886
1227 1480
1228 3242
1228 1989
1229 2225
1229 3332
1230 3978
1230 3976
1231 1359
1232 3469
1232 3218
1233 1839
1233 2047
1234 4673
1234 2918
1235 2605
1235 4962
1237 1928
1238 3726
1239 2143
1240 1537
1241 1717
1243 1388
1244 4319
1244 2837
1245 3526
1245 3346
1246 1817
1247 1676
1247 2596
1248 3730
1248 4975
1249 1695
1249 1254
1251 4749
1252 4390
1252 3902
1253 1741
1254 4307
1255 1689
1255 1297
1256 1326
1257 3754
1259 2789
1259 3799
1260 4140
1261 3080
1262 1684
1262 2777
1264 3105
1265 1468
1265 1952
1266 2093
1267 1584
1268 4743
1269 1360
1270 2032
1270 1731
1272 3329
1272 2095
1273 4094
1274 2927
1275 2569
1276 4762
1276 1641
1277 3389
1278 1670
1278 1319
1280 1674
1280 3539
1281 1588
1282 2450
1282 4985
1283 3156
1283 4871
1284 2060
1284 1296
1285 1822
1285 2326
1286 2543
1287 4588
1289 4692
1289 4840
1290 4168
1291 1962
1292 2588
1292 1631
1293 3466
1293 3580
1294 4596
1294 5044
1295 2467
1295 1552
1296 2060
1297 1901
1298 2665
1299 3285
1300 1335
1300 3457
1301 4596
1301 1569
1303 1846
1303 1430
1305 1755
1305 2563
1306 2212
1308 1462
1308 1322
1310 2979
1310 2984
1311 1917
1312 1651
1312 1667
1313 1546
1313 2029
1315 4499
1316 1544
1317 1975
1319 1670
1320 1796
1321 4140
1321 4489
1322 1462
1323 2163
1324 1374
1324 3545
1325 1525
1325 1868
1327 3854
1330 4300
1330 1408
1334 4339
1334 3184
1336 3310
1336 1473
1337 3184
1337 1876
1338 1363
1339 1620
1341 2530
1342 1421
1342 2699
1345 2758
1345 3434
1347 4988
1347 2267
1348 3611
1348 1491
1349 4391
1350 4334
1350 4339
1351 2787
1352 1441
1353 3455
1353 1898
1354 2776
1354 3982
1356 1853
1356 1485
1357 1973
1357 4912
1358 2510
1361 2890
1361 1362
1362 2890
1364 2428
1365 3876
1365 2940
1366 3078
1367 2583
1369 2786
1369 2418
1370 1420
1373 1443
1373 1400
1377 3571
1377 1459
1378 1422
1378 1495
1379 3954
1379 3678
1381 1480
1381 1490
1382 1719
1384 3981
1384 5122
1386 2313
1387 3810
1387 2645
1389 2599
1390 2417
1390 4900
1391 2394
1391 2786
1394 1868
1395 1576
1395 1478
1396 3184
1396 2349
1397 4876
1397 3821
1398 2149
1400 1443
1402 1621
1402 1796
1403 1549
1403 1505
1404 3881
1405 1868
1405 3902
1407 2113
1407 3592
1408 4525
1409 1417
1409 1788
1410 2790
1410 3300
1411 2164
1412 4142
1413 1523
1414 3676
1416 1436
1417 1431
1418 1906
1419 2118
1423 1623
1425 1801
1425 3550
1427 1449
1428 1928
1428 3132
1429 3104
1429 3096
1430 3300
1432 1504
1433 1473
1433 5130
1434 3610
1435 1570
1435 1538
1436 1575
1436 1592
1437 3355
1437 1460
1439 3300
1439 1961
1440 4143
1440 2217
1441 1570
1442 4831
1444 2083
1445 1617
1445 1513
1447 1450
1447 3984
1448 1913
1450 4307
1451 1913
1451 2358
1452 1717
1453 1584
1455 1602
1456 1719
1457 4491
1458 2151
1460 3355
1462 2451
1463 1743
1463 3362
1465 2837
1466 5171
1466 3432
1467 3772
1467 4570
1468 1610
1469 4143
1469 2687
1471 4266
1471 2545
1474 3579
1474 1475
1475 1527
1475 1492
1476 1540
1477 5003
1479 1793
1480 1490
1481 3375
1481 1555
1482 1790
1482 3813
1483 2507
1483 2912
1484 2740
1484 2408
1485 1853
1487 1493
1487 2261
1489 1490
1491 2425
1492 1527
1493 1551
1496 2156
1497 4817
1499 2719
1500 2910
1500 1968
1501 1542
1501 1722
1502 1515
1503 1627
1503 4656
1505 1774
1505 1549
1506 3835
1506 3267
1507 2029
1507 1546
1510 2862
1510 4765
1511 4520
1511 2810
1513 1617
1515 3558
1517 3093
1517 5136
1518 1632
1518 1522
1519 3653
1520 4596
1521 1543
1522 2078
1524 3657
1524 3215
1525 2078
1525 2863
1526 3418
1526 4876
1528 3819
1528 3215
1529 4748
1529 4736
1530 1531
1530 2366
1531 2366
1532 5065
1533 2445
1534 1803
1536 1890
1537 1846
1537 2987
1538 1848
1539 1620
1541 1542
1542 3389
1545 4123
1545 4811
1546 2029
1548 3249
1548 3245
1549 1774
1550 3867
1551 1789
1551 2353
1552 3409
1552 1745
1553 3100
1554 4194
1556 2507
1556 4319
1557 1995
1557 1567
1558 1754
1559 2915
1560 2837
1560 3215
1561 2953
1561 1563
1562 3798
1563 4572
1565 3343
1565 3726
1566 4266
1566 4250
1567 1995
1568 1571
1569 1839
1572 3644
1572 4545
1573 1919
1575 1592
1577 4568
1579 1580
1579 1619
1582 5112
1582 4822
1583 1788
1585 1639
1585 2989
1589 3333
1589 3889
1593 3147
1594 4785
1594 4437
1595 3108
1596 1604
1596 4789
1597 2433
1597 1910
1598 4458
1598 1826
1599 1730
1600 3259
1601 2221
1603 3414
1604 4980
1605 2920
1605 1714
1606 1639
1606 2989
1607 4816
1607 4593
1608 2052
1609 2607
1610 2054
1611 2834
1611 4322
1612 2939
1612 4480
1613 1618
1613 4846
1616 1621
1618 4793
1618 4841
1619 1756
1623 4319
1624 4596
1624 1839
1625 3310
1626 4432
1626 2866
1627 4656
1628 4739
1628 1834
1629 3356
1629 3357
1630 3486
1631 2588
1632 4546
1632 3054
1633 4291
1635 2911
1636 3726
1636 1895
1638 4133
1638 1832
1640 4034
1641 3689
1642 1727
1642 1702
1643 3765
1643 4692
1645 3099
1645 2636
1646 1702
1646 2110
1648 2708
1649 2508
1649 2567
1651 1667
1651 4682
1652 4494
1652 2852
1653 2900
1654 1664
1655 1867
1656 5065
1656 3400
1657 1900
1657 2114
1658 3558
1658 1676
1661 2610
1661 3238
1662 3747
1662 1846
1663 4921
1664 2786
1665 1732
1666 2125
1668 4958
1669 3764
1669 2981
1672 3003
1672 2400
1673 1802
1673 1923
1674 2253
1674 3539
1675 2369
1675 4575
1676 2492
1679 2861
1679 2174
1680 4608
1681 4164
1682 4299
1682 3518
1683 1941
1683 4876
1684 2777
1685 3768
1688 3499
1689 3014
1690 2157
1690 2153
1691 3215
1691 2644
1692 3733
1692 4276
1693 1789
1695 4160
1696 2596
1696 4423
1697 3349
1697 1903
1699 2884
1699 4970
1700 3326
1701 4461
1701 3210
1702 1727
1703 4341
1704 2261
1705 4917
1705 4746
1706 4033
1706 2516
1709 2279
1709 2286
1710 4971
1710 1755
1711 4876
1711 4461
1712 4988
1712 4951
1713 2572
1713 1799
1714 2920
1715 5082
1715 2418
1717 2292
1718 2035
1720 2394
1720 4520
1721 2016
1721 1824
1722 2444
1723 2070
1723 1857
1724 3415
1724 3328
1725 4954
1728 3371
1728 3057
1729 3555
1731 1917
1732 1933
1733 5028
1734 2496
1735 4075
1735 2066
1736 2640
1736 2489
1737 2418
1737 2467
1738 4596
1739 3866
1739 2269
1741 2380
1742 3704
1742 1750
1743 4876
1744 3322
1746 4241
1746 2774
1747 3005
1748 2445
1748 2595
1749 1776
1749 2335
1750 3703
1750 2142
1751 2102
1751 2361
1753 2681
1754 1943
1755 4971
1756 2228
1757 1898
1758 2900
1759 3061
1760 5065
1760 5055
1761 2017
1761 1865
1762 1839
1762 4596
1763 2087
1764 1888
1764 2028
1765 3911
1765 5122
1766 3482
1766 1856
1767 4321
1767 3296
1768 2102
1769 1771
1770 4506
1772 3454
1772 3447
1773 2711
1773 2560
1775 2053
1775 2488
1776 2246
1777 4520
1777 2611
1778 4927
1779 1890
1781 2373
1781 3213
1782 2242
1783 1810
1783 2085
1784 1900
1785 4596
1785 3386
1786 2180
1787 4212
1787 2462
1788 1982
1792 3011
1792 2908
1793 2559
1794 1800
1795 2525
1795 2509
1796 3125
1796 3574
1797 3992
1797 4876
1798 4876
1798 2837
1799 2859
1800 1971
1801 2155
1801 1926
1802 2268
1803 2352
1804 1871
1806 3558
1806 2389
1807 3682
1807 2514
1808 2969
1809 5055
1809 1993
1810 2803
1811 1860
1811 2829
1814 2237
1815 2376
1816 3362
1816 2013
1818 2999
1819 2877
1819 2262
1820 4265
1820 4319
1821 3683
1822 2326
1823 4325
1824 2016
1825 4753
1825 1993
1827 4001
1827 2930
1828 3615
1828 2098
1829 2405
1829 2766
1830 2005
1831 3954
1832 3219
1833 3571
1834 1927
1835 2297
1836 4422
1837 3017
1837 2778
1838 3184
1838 3215
1839 3456
1841 3409
1842 3028
1842 2212
1843 3213
1844 2458
1844 2345
1845 3726
1847 3558
1847 3178
1849 5002
1850 3981
1850 2501
1851 2649
1852 2398
1854 2152
1854 1885
1855 2518
1855 2041
1856 3571
1857 2070
1858 3922
1859 2387
1859 1883
1861 3459
1861 3316
1864 2936
1864 2388
1865 4664
1866 2777
1867 3319
1868 1941
1869 2073
1869 2233
1870 3890
1870 3061
1871 4009
1872 4391
1872 1989
1873 4143
1873 2669
1874 1891
1877 4140
1877 2962
1878 2989
1879 2159
1880 2425
1881 2815
1882 1883
1882 2168
1884 2451
1884 2593
1885 2152
1886 4983
1887 2382
1887 2766
1888 2028
1889 4668
1889 2455
1892 2217
1892 2794
1893 3636
1893 2138
1894 2869
1895 2271
1898 3455
1899 3366
1899 2460
1900 2442
1903 3349
1904 3650
1904 2334
1905 3636
1905 3315
1906 3604
1906 2178
1908 5019
1908 4265
1909 2480
1910 2543
1911 2891
1911 2524
1912 2573
1913 2790
1913 2200
1914 4252
1915 2543
1916 2067
1917 2032
1917 2043
1918 1986
1918 2891
1920 2236
1921 3142
1921 2483
1924 2618
1926 1953
1927 3904
1928 4178
1929 4035
1930 4432
1931 3422
1931 3125
1932 3035
1934 2099
1934 3826
1935 1940
1935 2245
1936 3702
1937 2434
1938 3436
1939 2767
1939 2339
1940 2245
1940 2132
1941 4402
1942 3504
1942 2711
1943 4432
1944 4211
1944 3215
1945 2346
1945 2792
1946 2384
1946 2411
1947 4856
1947 1973
1949 3777
1949 3017
1950 4292
1951 1970
1951 1993
1952 3066
1954 4442
1954 4608
1955 3676
1956 2473
1958 2352
1958 2097
1959 2481
1959 3278
1960 4389
1961 2726
1961 2055
1963 4140
1964 2576
1964 4122
1965 2121
1965 1966
1966 2121
1967 2263
1968 2910
1969 3319
1969 2439
1970 4319
1970 4265
1972 2130
1972 2133
1973 4246
1973 4024
1974 2033
1975 2468
1976 2171
1976 2482
1977 2495
1978 3726
1979 2413
1980 2105
1980 2027
1981 2229
1981 2415
1982 4600
1983 3495
1983 1985
1984 2530
1984 2189
1985 3495
1986 2891
1986 2524
1987 4578
1987 2025
1988 4596
1991 2217
1992 5060
1993 4753
1993 5078
1994 3637
1994 2454
1996 2699
1997 4596
1998 3450
1999 4458
2000 3807
2000 3194
2001 2227
2002 4794
2002 2853
2003 2384
2003 2493
2005 4312
2006 2375
2007 3800
2007 3855
2008 2066
2009 3345
2010 2332
2011 3304
2011 4392
2012 2245
2018 2446
2018 2523
2020 2217
2020 2565
2021 2457
2021 3004
2022 2306
2023 3404
2023 2147
2024 2467
2025 4432
2025 2866
2026 4974
2026 2149
2030 4943
2031 3324
2031 2034
2034 3050
2036 2082
2036 2205
2037 4432
2038 4247
2038 2272
2039 2891
2040 2582
2040 3136
2041 2292
2042 2997
2045 4275
2045 2394
2046 3293
2046 4666
2047 2312
2048 4130
2048 2863
2049 2837
2049 5054
2050 4541
2051 2881
2051 2488
2053 2721
2054 2436
2054 2108
2056 2074
2056 2886
2057 2989
2058 2072
2061 2886
2061 2508
2062 4239
2062 2774
2063 3467
2063 3689
2064 4453
2065 3676
2066 4368
2066 4461
2068 2949
2068 2941
2071 4831
2071 5138
2072 2262
2073 2233
2074 2886
2074 2379
2075 2212
2075 3570
2076 4293
2078 4140
2078 3184
2079 4047
2081 3204
2081 4303
2082 2205
2084 3847
2085 2523
2086 2446
2086 2456
2088 2209
2090 2099
2092 2135
2092 2807
2093 3783
2094 3781
2095 3329
2096 2729
2097 2352
2098 3615
2099 2511
2099 3826
2100 4759
2101 3531
2101 4432
2102 2740
2103 4319
2103 4265
2104 3108
2105 2813
2105 2239
2106 4013
2108 2436
2109 3202
2109 2734
2110 2530
2111 2910
2112 2671
2113 3211
2115 4876
2115 3990
2116 2845
2116 2777
2117 4444
2118 3498
2119 2318
2120 2386
2122 2138
2122 2636
2123 3186
2123 4934
2124 4086
2124 2813
2125 4398
2126 4906
2126 3202
2129 2508
2130 2133
2131 2142
2134 2382
2134 2972
2135 2772
2135 2965
2136 2239
2136 3936
2137 4496
2137 4550
2138 2154
2139 2972
2141 2220
2142 3703
2144 2441
2144 2210
2145 3004
2145 2457
2146 4480
2147 3273
2148 4081
2149 4974
2150 2313
2150 3557
2151 4282
2152 4876
2153 4596
2154 3221
2156 2742
2158 2637
2158 4558
2159 2856
2159 2713
2161 2451
2161 2905
2162 4140
2162 2896
2164 2276
2165 3558
2165 3410
2166 2237
2166 2279
2167 2411
2169 3343
2170 4339
2171 2482
2172 2687
2172 4739
2173 4787
2173 2201
2174 2861
2174 2712
2175 3762
2177 3558
2178 2538
2179 4116
2180 2530
2180 2189
2181 4406
2182 2589
2183 3493
2183 3482
2184 3309
2184 4182
2186 2383
2186 2409
2187 3862
2188 3592
2189 2530
2190 2263
2190 3778
2191 3222
2191 2219
2192 2883
2192 3536
2193 2466
2193 2303
2194 3184
2194 3319
2195 3184
2195 2473
2196 3243
2196 2610
2197 2627
2197 3089
2198 3064
2199 4112
2200 2790
2201 4787
2202 2207
2202 2557
2203 2798
2203 3844
2204 3215
2206 2705
2207 3149
2208 3755
2208 2312
2209 3028
2210 2392
2210 2441
2211 2250
2213 2370
2213 3012
2214 4020
2214 3193
2216 3611
2216 2646
2217 2350
2219 2302
2219 2522
2220 3658
2220 4840
2221 2412
2222 3550
2222 3049
2223 3025
2224 3917
2224 3786
2229 2665
2229 2552
2230 4123
2231 2591
2231 3046
2234 3904
2234 2378
2237 2279
2238 2842
2238 2917
2239 2813
2240 2577
2240 2561
2241 2746
2241 2748
2242 2484
2242 2373
2243 4133
2243 2849
2246 3358
2247 4583
2247 4960
2248 4301
2248 3323
2251 2792
2251 2919
2252 3034
2253 3378
2254 2600
2255 4572
2255 3960
2256 2466
2256 2303
2257 3741
2258 2360
2259 2616
2259 2263
2260 3667
2260 2328
2263 2616
2264 3800
2264 2443
2265 3844
2265 2798
2266 3202
2266 4458
2267 2297
2269 3866
2270 3477
2272 4216
2273 4840
2275 4268
2277 2999
2277 2280
2280 3703
2280 2321
2281 2415
2281 3151
2282 4951
2283 3215
2283 3495
2284 3931
2284 4442
2285 2894
2286 2361
2287 3268
2287 4381
2288 2336
2288 2361
2289 2517
2289 2448
2290 5136
2290 4572
2291 4381
2291 2453
2292 3643
2292 2504
2294 3979
2294 4319
2295 3726
2295 3558
2296 3644
2298 2509
2298 2855
2299 2486
2300 2709
2300 2634
2301 2768
2302 2522
2303 2466
2304 2755
2304 2623
2305 4025
2305 2440
2307 4430
2307 2502
2308 3398
2308 3048
2309 3355
2309 2471
2310 2316
2310 3818
2311 4947
2313 4976
2314 2502
2315 3735
2316 3917
2316 3786
2317 2785
2317 2345
2318 2569
2319 2734
2319 4242
2320 3267
2320 2933
2321 3703
2322 4494
2322 3996
2323 3291
2323 2558
2324 3750
2324 2644
2327 3372
2329 3530
2329 2695
2330 4780
2332 2476
2333 2363
2333 2337
2336 2895
2336 2361
2337 2363
2338 2894
2338 2512
2339 2925
2340 3714
2341 3344
2342 2798
2342 3844
2343 2929
2347 4523
2349 3882
2349 3915
2350 4960
2351 2779
2351 2764
2352 2646
2354 2698
2356 4666
2356 4572
2357 3922
2359 3329
2360 3014
2361 2895
2362 4596
2364 2895
2365 2881
2365 2718
2367 3375
2368 3290
2368 2528
2369 4575
2370 3012
2371 2568
2371 3917
2372 3184
2374 2804
2376 2611
2377 3915
2378 3084
2379 2691
2380 2804
2381 2583
2381 3952
2382 2658
2382 2549
2384 2749
2384 3311
2385 2832
2385 3982
2387 2848
2387 2844
2388 3273
2389 2427
2390 3368
2390 3571
2391 3075
2391 3372
2392 2803
2392 2742
2393 3678
2393 2556
2394 3868
2395 4572
2395 5117
2396 2877
2399 4958
2400 3003
2401 5094
2402 2692
2402 3184
2404 3598
2404 3702
2405 2646
2405 2766
2407 4289
2407 4292
2408 4739
2409 3804
2413 3683
2414 4997
2414 4339
2415 2666
2416 4739
2416 3503
2417 2450
2417 3362
2420 2536
2420 2767
2421 2773
2422 5122
2423 4699
2423 4703
2424 2698
2426 2989
2427 4009
2428 3273
2428 2668
2429 3845
2429 4989
2430 3282
2430 3025
2431 2646
2432 2895
2432 2944
2433 3108
2433 3613
2435 2660
2435 2858
2437 3609
2438 3543
2438 3227
2439 2692
2440 4025
2441 2742
2442 2670
2443 3202
2444 4176
2445 2595
2446 3395
2446 2859
2447 4958
2448 2517
2449 3859
2450 4319
2450 4461
2454 3637
2455 4668
2456 2927
2456 3052
2457 3004
2457 2459
2459 3917
2460 3208
2461 2996
2462 4214
2463 2938
2463 2935
2464 3550
2467 2899
2469 3065
2469 3119
2470 3136
2471 3355
2472 3285
2474 4081
2474 2477
2475 2673
2476 3550
2477 4081
2478 3250
2478 3244
2479 3539
2480 3401
2480 3060
2481 3278
2483 3142
2484 3167
2486 3979
2487 3068
2487 2702
2490 2503
2492 3558
2494 3439
2494 2725
2496 3127
2497 3832
2498 4107
2499 2949
2500 3202
2500 2837
2502 4430
2504 4087
2505 5067
2505 4688
2506 3913
2507 4265
2507 3353
2509 2855
2511 4703
2511 4699
2513 4707
2513 2904
2514 3682
2515 2753
2515 2719
2519 3078
2519 2977
2520 4703
2524 2891
2525 2855
2527 3946
2528 3290
2529 3386
2529 3074
2531 2606
2532 2837
2532 3594
2533 3654
2533 2539
2534 2596
2534 3321
2535 2564
2535 2546
2536 4024
2537 3290
2538 2541
2539 3786
2540 5122
2542 4509
2542 3092
2543 2801
2543 3087
2545 4266
2546 2564
2547 4486
2548 2553
2549 2658
2550 3676
2551 4475
2552 2665
2554 3073
2554 3070
2555 3955
2555 3858
2556 4721
2556 3624
2558 3112
2559 5093
2559 2882
2560 2711
2561 4140
2562 3018
2563 3079
2564 3438
2566 5186
2567 2970
2568 3917
2570 3775
2570 4448
2571 2608
2573 3451
2574 4112
2575 4319
2576 2717
2578 3341
2578 3097
2580 2642
2580 2692
2581 5034
2581 3911
2582 3735
2582 5040
2583 3952
2584 3500
2584 4603
2585 2940
2585 3289
2587 3155
2587 4081
2590 2714
2591 2748
2593 2633
2593 2647
2594 3093
2594 2787
2596 4358
2596 2645
2597 2997
2597 3213
2601 2703
2602 3911
2604 3919
2608 5194
2609 3990
2609 2724
2610 3243
2611 4876
2611 3215
2612 2988
2612 2816
2613 3692
2613 4595
2614 4374
2614 4463
2615 4736
2615 4440
2616 4759
2617 3353
2618 2693
2618 3148
2619 4912
2619 4070
2620 3470
2620 3735
2622 4609
2623 2755
2625 3175
2625 3282
2626 5138
2626 4461
2627 4194
2627 2833
2628 4753
2628 5078
2629 2702
2630 5172
2630 3507
2631 2682
2632 3689
2633 3248
2634 2709
2637 3981
2637 5122
2638 4596
2638 4165
2639 2873
2639 2782
2641 4939
2642 4339
2643 2796
2644 3169
2645 4330
2648 4807
2648 4873
2649 2826
2650 3239
2652 3481
2653 3379
2653 3359
2654 3964
2655 5032
2655 4442
2656 2750
2656 4059
2657 3855
2659 3179
2659 3201
2660 3259
2661 3546
2662 4928
2662 3272
2663 2680
2664 4020
2665 2876
2667 3539
2668 3224
2669 3658
2672 3348
2674 4164
2674 4432
2677 2678
2678 2859
2679 4980
2680 3259
2682 3431
2683 3430
2683 3408
2684 4135
2685 2707
2685 2704
2686 2943
2687 4739
2687 5060
2688 4903
2688 4021
2690 3019
2690 4391
2691 3273
2692 3184
2693 3148
2695 3530
2696 2994
2697 3922
2698 5040
2700 5067
2704 2707
2705 3114
2706 3209
2708 3048
2712 2861
2713 3050
2713 2856
2715 4289
2715 4081
2716 2750
2716 3510
2718 3338
2719 2753
2720 4521
2720 4692
2722 2752
2722 3734
2723 2863
2723 3084
2724 2770
2725 3766
2726 3161
2726 3100
2727 2881
2728 2819
2730 2833
2731 2764
2732 3755
2732 4822
2737 3895
2737 2873
2738 3755
2738 3922
2739 2818
2741 3536
2743 3369
2743 3185
2744 3218
2746 2748
2747 3627
2747 2750
2749 2901
2750 4059
2751 3026
2751 4927
2752 3786
2752 4074
2754 3115
2755 4172
2756 2821
2757 3197
2757 3417
2758 3702
2759 4856
2759 3660
2760 3812
2760 3810
2761 3311
2761 3476
2762 4147
2763 4143
2764 2864
2764 2779
2765 3342
2765 2854
2768 2790
2770 3521
2771 4266
2772 2965
2773 3013
2774 4474
2774 4239
2775 2793
2776 4189
2779 2864
2780 2791
2780 2836
2781 3466
2781 3225
2783 3536
2784 4100
2784 2878
2785 2803
2786 4506
2786 4020
2787 5172
2788 4915
2789 3799
2791 3717
2792 2919
2793 3143
2793 3157
2795 4845
2795 4709
2796 2916
2797 4034
2798 3844
2800 3377
2800 3404
2801 3087
2805 3709
2805 3521
2806 5112
2806 4468
2808 3656
2808 4201
2809 3149
2810 4520
2811 3697
2812 4720
2812 3222
2813 4086
2813 3502
2814 3311
2816 3760
2817 3586
2818 3013
2818 5095
2819 4143
2819 4876
2820 3214
2824 3896
2824 3014
2825 4920
2825 3206
2826 3457
2828 4182
2830 2963
2831 3755
2831 4403
2832 4458
2834 4188
2834 3828
2835 5136
2836 4891
2839 3023
2840 3095
2840 3420
2841 4224
2842 3397
2842 3302
2843 3886
2843 4806
2844 2848
2845 3042
2847 4005
2850 4159
2851 2900
2852 3672
2852 3281
2853 4143
2854 4556
2855 3690
2856 3050
2858 3475
2859 3388
2860 4708
2862 4765
2863 3084
2866 4432
2868 4541
2870 5143
2871 3322
2871 3316
2873 3895
2874 3413
2875 3828
2876 3412
2876 3426
2877 2881
2877 3391
2878 4100
2879 3037
2880 2945
2880 3025
2882 4890
2882 3598
2883 3536
2884 3904
2884 4747
2885 2887
2886 3366
2887 4341
2888 4789
2889 4637
2889 4628
2891 3449
2892 3399
2892 3448
2893 3082
2893 3109
2896 3385
2897 3889
2898 3004
2898 3673
2899 4062
2901 3311
2902 3494
2904 3603
2906 3184
2907 2926
2907 2923
2908 3378
2908 3011
2909 4189
2912 3828
2913 4192
2914 3052
2915 2920
2916 3072
2917 3397
2918 4693
2919 3489
2922 3570
2923 2926
2924 3019
2924 2934
2925 2930
2926 2928
2927 3052
2928 2932
2930 4360
2932 2950
2933 4729
2934 3019
2935 3541
2937 5065
2937 2939
2939 5065
2940 3289
2940 3343
2941 2949
2942 2950
2942 2966
2943 3916
2945 3175
2947 2960
2947 2975
2950 2966
2950 2960
2951 3895
2952 5060
2955 3038
2956 3687
2958 4319
2958 4265
2959 3583
2959 3529
2960 2974
2960 2966
2961 3692
2962 4757
2964 4692
2964 3389
2966 2975
2967 3015
2971 4458
2971 3498
2972 3052
2973 4381
2973 2980
2974 2975
2974 2985
2975 2992
2975 2985
2978 4353
2978 3792
2979 3383
2979 3091
2980 4381
2981 3103
2981 3764
2983 4305
2983 4821
2984 4143
2986 3662
2986 4043
2987 4319
2988 3113
2990 3726
2991 4583
2991 3577
2994 3152
2995 3520
2995 4124
2998 3395
2999 4140
2999 3298
3000 3922
3002 3009
3004 3673
3006 4481
3007 4338
3008 4123
3008 3368
3009 3020
3010 3639
3010 3017
3011 3378
3013 5095
3017 3558
3018 4156
3019 4250
3020 3584
3022 3280
3022 3905
3024 3209
3024 3235
3025 3282
3026 3735
3027 3969
3027 3967
3028 3168
3030 3569
3032 4673
3032 3174
3033 3202
3033 3800
3034 4244
3034 3040
3035 3046
3036 3184
3036 4452
3039 3469
3040 3084
3041 4596
3041 3904
3043 3676
3045 3121
3047 3060
3048 3398
3049 4890
3053 3119
3054 3202
3055 3218
3056 3849
3057 3371
3058 3472
3059 3218
3060 3401
3061 4034
3061 3879
3063 5003
3063 4546
3065 3119
3066 3072
3067 4007
3069 4546
3070 3073
3071 3810
3072 3797
3074 3525
3075 3372
3076 3697
3077 3269
3078 3124
3082 3126
3083 3265
3086 5122
3088 3144
3089 3499
3090 4572
3091 3383
3093 4219
3093 5136
3094 4178
3095 3556
3095 3420
3096 3104
3097 3341
3097 3292
3098 3111
3099 3120
3099 3196
3102 3465
3102 4976
3103 3764
3104 3324
3104 3588
3106 3898
3107 4020
3107 3173
3109 3126
3110 3780
3110 3450
3111 3443
3112 3291
3115 3226
3116 3711
3117 3472
3117 4406
3118 5060
3120 3158
3122 3302
3125 3344
3128 3221
3130 3307
3131 4178
3131 4506
3132 4975
3133 3599
3133 3460
3134 4013
3134 4956
3136 4811
3136 3141
3137 4738
3137 3451
3138 4329
3139 3787
3139 3953
3140 3280
3141 4811
3142 3188
3143 3157
3145 3676
3146 3154
3147 3374
3149 4369
3150 3981
3153 4958
3153 3992
3154 3686
3155 3393
3156 5143
3158 3488
3159 3571
3160 3731
3160 3277
3162 4958
3163 3588
3163 3313
3165 3676
3166 4569
3171 5122
3171 4678
3173 3234
3174 3844
3177 4826
3178 3716
3181 3466
3182 3217
3182 3444
3183 3861
3183 3470
3184 4140
3185 3369
3187 3443
3189 3636
3190 4708
3192 4458
3192 3882
3193 4324
3194 3807
3195 3281
3198 3653
3199 4984
3199 3663
3200 3604
3202 4458
3203 3404
3205 3259
3206 4422
3207 4143
3208 3213
3209 3427
3210 4075
3210 3726
3212 4358
3212 4109
3215 3819
3215 4876
3216 3217
3217 3444
3219 3464
3219 3942
3224 3273
3229 4539
3229 3236
3230 3590
3230 3308
3232 3609
3234 3612
3234 3609
3235 3427
3236 4539
3237 3395
3240 4623
3240 4811
3241 4451
3241 3979
3244 3250
3245 3249
3247 5129
3251 3692
3251 4097
3255 4426
3255 4919
3256 3377
3256 3259
3257 3258
3260 3500
3262 3471
3262 3361
3263 3781
3264 3571
3264 4310
3266 3480
3266 4135
3267 4250
3268 4022
3270 3690
3271 3442
3272 4928
3275 3755
3277 3731
3278 3418
3280 3908
3283 4101
3284 4995
3284 3335
3285 3310
3288 4527
3288 4887
3289 3652
3292 3341
3293 4572
3293 4666
3294 4218
3295 4020
3295 5122
3296 4321
3298 3805
3299 3454
3299 3407
3301 4182
3301 3640
3302 3397
3303 3558
3305 5060
3306 4034
3306 4077
3307 3965
3308 3590
3309 3632
3309 4182
3310 4094
3313 3588
3314 3459
3315 4182
3316 3322
3317 5112
3317 4822
3318 4341
3320 3562
3321 4753
3321 5078
3324 3349
3324 3588
3325 4266
3326 4075
3327 3499
3328 3415
3330 3887
3331 4116
3331 4370
3332 3776
3333 4112
3333 3558
3334 4143
3335 3670
3337 3585
3340 4422
3342 4127
3344 4369
3344 3811
3345 4144
3345 4604
3346 3654
3348 4275
3349 3588
3350 5178
3351 3547
3355 3473
3358 3426
3359 3379
3359 3568
3361 3471
3362 4876
3364 4649
3364 4364
3367 3943
3367 3721
3368 3571
3368 3494
3370 3960
3373 3426
3374 3404
3374 3442
3376 4280
3377 3395
3378 3443
3379 3568
3380 3474
3382 4596
3389 3855
3392 3850
3394 3789
3396 4876
3399 3448
3402 4020
3402 4527
3403 3534
3403 3485
3405 4244
3406 3881
3407 3454
3408 3430
3409 3954
3410 4546
3410 3986
3411 4010
3411 3878
3414 3415
3416 4975
3416 3519
3418 3800
3418 3855
3419 3669
3420 3556
3423 4143
3425 5129
3429 3709
3431 4080
3432 5171
3435 5002
3436 3461
3438 3763
3439 3959
3445 3467
3445 3461
3446 4729
3447 3454
3449 3483
3450 5082
3451 4730
3452 3514
3453 4516
3453 3788
3456 4390
3458 4679
3460 3599
3461 3467
3462 3568
3463 3753
3464 3810
3465 4521
3465 4692
3470 3861
3471 3655
3471 3612
3472 3744
3473 3898
3473 3474
3478 3979
3478 3521
3479 3487
3481 3513
3481 3600
3482 3493
3484 5019
3485 3534
3486 3567
3488 4150
3490 4596
3490 3605
3491 4286
3492 3790
3492 3723
3494 4578
3494 3571
3496 3535
3498 4458
3500 3868
3500 3565
3501 5143
3501 4273
3502 4086
3503 4266
3504 3541
3505 4556
3506 3554
3507 3741
3508 3695
3508 4042
3509 3922
3510 5007
3511 4266
3513 3600
3513 3629
3515 3517
3515 3553
3516 4688
3517 3628
3517 3608
3518 4771
3519 3520
3520 4124
3523 3890
3523 3795
3529 3583
3532 3982
3532 4143
3533 3739
3533 4459
3534 3746
3534 3677
3535 4890
3537 4378
3537 5145
3540 3563
3542 3926
3542 4018
3543 4143
3544 4321
3546 3631
3547 4009
3548 3638
3549 3692
3550 3732
3551 4603
3551 3983
3552 3637
3554 3788
3558 3726
3558 4619
3559 4739
3559 3561
3561 4708
3562 4164
3562 3576
3563 3691
3567 3575
3571 4813
3572 4958
3573 4178
3581 3617
3584 4107
3585 4764
3593 3893
3593 3923
3596 4846
3596 4793
3597 3610
3601 3610
3602 4841
3603 4612
3603 4027
3607 4519
3607 4511
3608 3628
3612 3655
3614 4506
3614 4178
3616 4339
3616 4143
3617 3837
3620 3623
3622 3642
3622 3782
3624 4721
3624 3641
3625 4841
3625 3930
3626 4024
3631 4250
3632 4182
3633 3869
3634 4676
3634 4673
3639 4182
3641 4721
3642 3782
3643 4961
3644 4545
3645 4519
3646 4352
3646 3667
3647 4182
3651 4212
3656 4201
3657 3828
3657 3841
3658 4521
3660 3697
3661 4596
3663 3823
3664 4391
3666 4982
3666 4952
3668 3691
3668 3679
3670 3672
3675 3853
3675 3932
3677 3746
3678 4124
3679 3691
3680 4521
3680 4840
3681 3951
3681 3712
3684 4961
3685 3995
3685 3843
3687 4034
3692 4781
3692 4097
3696 4422
3696 4611
3698 4831
3698 3834
3699 4706
3700 4194
3701 4029
3704 3762
3706 4219
3707 5093
3708 4617
3709 5078
3710 4600
3711 4773
3712 3951
3713 4754
3713 3724
3714 3904
3715 3785
3715 3800
3716 3813
3717 4947
3718 3799
3719 3745
3721 3943
3722 3930
3723 3790
3724 4771
3728 4493
3730 4975
3731 3808
3733 4140
3736 5170
3738 3832
3739 4459
3744 3854
3747 4265
3749 4350
3751 3911
3751 4596
3752 4570
3755 4301
3756 3810
3757 4598
3757 3950
3758 4597
3758 3784
3759 4467
3759 3854
3765 4521
3765 4692
3766 4143
3767 5156
3768 3771
3768 3896
3769 4596
3770 4020
3770 3778
3771 4847
3772 4317
3775 3785
3775 3803
3776 3785
3778 3793
3778 3783
3779 3788
3780 3800
3780 3785
3782 3900
3783 3793
3783 3806
3784 3936
3785 3800
3786 3917
3787 3966
3787 3953
3788 4516
3791 3829
3793 3806
3794 3800
3798 4164
3805 4052
3809 4726
3811 3827
3814 4876
3814 4112
3816 4793
3816 4846
3817 4841
3821 3827
3823 4301
3827 3949
3829 4664
3830 4588
3830 4079
3833 4458
3834 4831
3835 4729
3835 4901
3836 4520
3836 5129
3843 3995
3845 3916
3846 4234
3847 4596
3848 4494
3848 5043
3851 4576
3851 4777
3852 4625
3852 4098
3853 3932
3854 4467
3855 3955
3856 5026
3857 4327
3857 3918
3858 4735
3862 4143
3862 4316
3863 4301
3864 4926
3865 4219
3866 4609
3868 3870
3869 4090
3871 4077
3872 3876
3873 4737
3873 4726
3874 4793
3875 4716
3875 4019
3876 3998
3877 4993
3878 4010
3879 4034
3882 3883
3884 4143
3885 4020
3886 4952
3888 4039
3888 4044
3889 4075
3891 4447
3891 3897
3893 3923
3894 4343
3894 4534
3897 4447
3899 3903
3899 3907
3902 4460
3903 3907
3905 3908
3907 3985
3909 3967
3909 3969
3911 3912
3913 4057
3916 4618
3918 4327
3919 4876
3919 4143
3920 4044
3920 4039
3921 4033
3921 4041
3922 4406
3923 3971
3924 4834
3924 5035
3925 5136
3925 4572
3926 5070
3926 4018
3927 3960
3930 3944
3931 4442
3934 4649
3934 4756
3935 4120
3935 3939
3938 3940
3939 3991
3940 3941
3944 4641
3944 4072
3947 3972
3947 4357
3949 5007
3951 5000
3953 3966
3955 4776
3956 4134
3957 4865
3958 4597
3958 3975
3960 4573
3960 4572
3963 4596
3964 4326
3967 3969
3968 4448
3968 4960
3970 4140
3972 4357
3973 4784
3973 4143
3974 3980
3974 4120
3975 4597
3976 3978
3979 4451
3979 4265
3980 4120
3981 4937
3983 4263
3984 4307
3985 4035
3986 4876
3988 4095
3988 4343
3989 4142
3990 4170
3991 4065
3992 4208
3992 4126
3994 5122
3997 4023
4001 4403
4002 4596
4004 4516
4004 4306
4006 4040
4006 4014
4007 4361
4008 4216
4010 4146
4013 4106
4013 4956
4014 4040
4015 4097
4016 4940
4016 4607
4017 4193
4017 4533
4019 4167
4020 4527
4020 4274
4022 4025
4024 4246
4027 4612
4031 4061
4031 4076
4032 4655
4033 4041
4037 4710
4038 4244
4038 4999
4039 4044
4042 4056
4045 5171
4046 4890
4047 4121
4047 4049
4048 4451
4049 4092
4051 4062
4054 4596
4058 4065
4059 4074
4060 4312
4061 4076
4063 4064
4070 4912
4070 4246
4071 4180
4071 4163
4075 4876
4075 4335
4077 4627
4082 4112
4084 4596
4088 4857
4091 4411
4091 4372
4093 4636
4095 4343
4096 4179
4097 4781
4098 4625
4099 4876
4102 4139
4103 4876
4108 4412
4108 4112
4110 4393
4111 4181
4111 4114
4113 4207
4113 4732
4114 4576
4116 4370
4117 5122
4118 4267
4119 4649
4119 4756
4123 4811
4126 4208
4128 4275
4128 4231
4129 4143
4131 4764
4132 4299
4133 5149
4135 4183
4136 4702
4137 4857
4137 4206
4144 5100
4144 4604
4147 4180
4148 4462
4148 4214
4149 4244
4151 4243
4152 4461
4152 4688
4153 4758
4156 4229
4156 4922
4158 4596
4161 4360
4161 4424
4164 4191
4165 4167
4166 4876
4167 4221
4169 4247
4172 4724
4173 4840
4173 4521
4178 4506
4180 4286
4181 4404
4184 4961
4185 4410
4187 4239
4188 4410
4188 4675
4189 4239
4191 4432
4192 4239
4193 4533
4195 4858
4196 4661
4197 4613
4198 4474
4198 4239
4200 4515
4202 4270
4202 4236
4203 4374
4204 4693
4204 4413
4205 4358
4206 4402
4207 4839
4207 4313
4211 4402
4212 4876
4212 4263
4214 4462
4215 4344
4215 4257
4218 4369
4220 4288
4221 4923
4222 4261
4223 4546
4225 4446
4225 4302
4226 4456
4227 4420
4228 4598
4229 4296
4230 4233
4231 4275
4232 4461
4235 4501
4235 4425
4236 4270
4237 4616
4238 4872
4240 4411
4240 4269
4242 4831
4245 5017
4246 4672
4246 4648
4251 5161
4251 5022
4252 4785
4253 4437
4254 5138
4257 4344
4258 4787
4260 5067
4260 4264
4261 4269
4262 4436
4265 4319
4267 4315
4268 4578
4273 4925
4274 4527
4275 4458
4277 4289
4277 4292
4278 4912
4279 4466
4281 4292
4282 4299
4285 4338
4286 4343
4289 4292
4291 4309
4293 4301
4293 4428
4297 4603
4301 4514
4301 4346
4302 4446
4304 4427
4306 4343
4310 4593
4311 4892
4313 4839
4314 4506
4315 4861
4317 4394
4318 4563
4319 4451
4322 4377
4324 4326
4325 4329
4326 4443
4326 4431
4327 4347
4328 4336
4332 4873
4333 4432
4334 4339
4338 4846
4339 5143
4342 4526
4342 4505
4346 4362
4348 4890
4348 5094
4351 5042
4351 4951
4354 4793
4354 4846
4355 4874
4356 4841
4356 4846
4358 4359
4360 4412
4360 4424
4364 4649
4365 4372
4366 4372
4368 4461
4372 4411
4373 4478
4373 4421
4374 4404
4376 4661
4376 4774
4377 4415
4380 5178
4382 4387
4382 4385
4383 4579
4383 4386
4385 4387
4386 4579
4390 4652
4391 4399
4394 4771
4395 4548
4396 4800
4396 4454
4397 4987
4397 4627
4398 4474
4401 4596
4403 4461
4408 4464
4409 4438
4409 4446
4414 4596
4415 4626
4416 4439
4419 4455
4419 4700
4420 4937
4421 4911
4423 4975
4425 4501
4426 4919
4426 4967
4427 5138
4428 4476
4429 4728
4431 4580
4431 4552
4432 4630
4432 4525
4433 4822
4437 4785
4438 4610
4440 4736
4443 4536
4444 4479
4446 4485
4449 4997
4450 4499
4450 4524
4455 4661
4456 4508
4460 4665
4460 4832
4461 5138
4463 4991
4463 4576
4465 4596
4466 4497
4466 4685
4468 4822
4468 5113
4469 5129
4469 4540
4471 4497
4483 4574
4483 4512
4484 5039
4485 4519
4486 5157
4488 4527
4490 4705
4492 5128
4496 4550
4499 4524
4500 4711
4503 4941
4504 4572
4505 4526
4507 4572
4508 4950
4509 4510
4509 4619
4510 4619
4512 4574
4513 4594
4515 4812
4517 5003
4518 5078
4521 4692
4521 4840
4522 4573
4523 4903
4525 4630
4528 4535
4529 4544
4529 4530
4530 4700
4530 4788
4531 4596
4532 4596
4534 4670
4537 4615
4540 4541
4542 4565
4542 4549
4547 4561
4548 4783
4549 4565
4552 4580
4553 4878
4555 4560
4556 4673
4558 4680
4559 4840
4559 4692
4561 4584
4564 4719
4566 4631
4567 5034
4567 4570
4569 4612
4571 4591
4571 4577
4572 4573
4575 4578
4576 4777
4577 4598
4581 4911
4584 4704
4585 4949
4585 4775
4586 4645
4590 4669
4591 4598
4595 4944
4600 4855
4602 4760
4606 5034
4607 4940
4610 4640
4615 5122
4616 4743
4618 4772
4620 4791
4623 4853
4624 4664
4627 4987
4628 4963
4629 4991
4632 4952
4633 4639
4634 4876
4635 4856
4636 4638
4642 4876
4643 4647
4643 4729
4644 4694
4646 4811
4647 4674
4647 4729
4648 4672
4649 4756
4650 4674
4651 4840
4651 5011
4653 4729
4653 4674
4658 4674
4658 4896
4660 4804
4660 4817
4663 4676
4663 4673
4671 4676
4671 4673
4673 5065
4673 4676
4674 4729
4674 4906
4678 4686
4683 4906
4691 5041
4691 5024
4697 4822
4697 5114
4699 4703
4701 4840
4709 4845
4711 4950
4713 4893
4714 4742
4714 4717
4715 4757
4715 4731
4716 5131
4717 4742
4718 4963
4719 4877
4720 4981
4725 5159
4726 4737
4731 4757
4734 5105
4735 4776
4738 4876
4740 4836
4740 4744
4744 4836
4745 4802
4745 4827
4746 4917
4748 5173
4748 5105
4749 4750
4750 4829
4753 5078
4758 4836
4766 4778
4766 4815
4772 5021
4774 4799
4775 4949
4778 4942
4779 4925
4780 4934
4782 5018
4786 4970
4790 4875
4792 4985
4792 5073
4793 4846
4795 4798
4795 5014
4796 4846
4797 4846
4798 5014
4801 4803
4801 5023
4802 4827
4803 5023
4804 4894
4805 4895
4808 4893
4809 4836
4810 4923
4810 4818
4815 4851
4818 4923
4822 5113
4822 5112
4824 5138
4825 4868
4825 4910
4826 5159
4828 4945
4829 5159
4830 5145
4834 4838
4834 5035
4838 5035
4838 5032
4843 5079
4848 4953
4849 5173
4850 5070
4856 4912
4856 4947
4861 4898
4863 4876
4863 4867
4864 4902
4865 4927
4868 5144
4877 4990
4878 5093
4885 4889
4885 4886
4886 4889
4888 5073
4889 4959
4890 4951
4891 4897
4896 4906
4897 4984
4903 5129
4905 5103
4905 5104
4907 5029
4908 4909
4908 4918
4909 4914
4909 4918
4914 4918
4915 5033
4915 5106
4916 5050
4921 5062
4921 5065
4923 4935
4924 5103
4924 4930
4925 4947
4926 4931
4929 4948
4929 4964
4930 4996
4930 5103
4931 4939
4932 4939
4933 5028
4945 5066
4948 4964
4948 5174
4950 4953
4951 5042
4957 4964
4957 5174
4959 5000
4962 5002
4964 5174
4966 4980
4968 4970
4969 4995
4979 5020
4986 5034
4988 5042
4989 5004
4989 5037
4993 5156
4993 5149
4996 5104
4998 5004
4998 5071
5004 5037
5008 5127
5009 5194
5015 5118
5015 5120
5016 5074
5022 5161
5024 5041
5026 5179
5030 5058
5030 5084
5031 5174
5032 5035
5033 5106
5036 5119
5036 5056
5045 5064
5051 5156
5056 5119
5058 5085
5058 5075
5062 5065
5063 5133
5072 5138
5074 5185
5075 5085
5077 5079
5080 5115
5083 5112
5084 5116
5084 5097
5088 5175
5096 5127
5097 5116
5098 5111
5098 5150
5099 5141
5101 5130
5102 5167
5105 5173
5110 5148
5110 5157
5111 5151
5112 5113
5118 5125
5118 5120
5121 5134
5123 5146
5136 5172
5140 5170
5140 5160
5144 5170
5148 5157
5150 5151
5153 5162
5158 5193
5158 5166
5160 5170
5163 5164
5166 5193
5177 5190
5186 5194
