0 2450
0 3184
0 2194
1 4115
1 523
1 4768
2 2033
2 3091
2 2269
3 2443
3 3184
3 4140
4 1927
4 883
4 3568
5 1402
5 4688
5 4983
6 787
6 2210
6 2088
7 2640
7 1082
7 177
8 4355
8 345
8 4874
9 33
9 1133
9 65
10 43
10 1372
10 83
11 3347
11 3899
11 3413
12 3587
12 3586
12 360
13 2455
13 3971
13 1647
14 524
14 39
14 3971
15 484
15 3694
15 1085
16 3192
16 777
16 17
17 4402
17 1745
18 1744
18 2859
18 501
19 1515
19 2449
19 3859
20 120
20 327
20 24
21 5071
21 1763
21 2087
22 4071
22 4279
22 4163
23 2015
23 37
23 45
24 766
24 327
25 38
25 30
25 47
26 2660
26 628
26 3259
27 665
27 3993
27 662
28 1414
28 249
28 193
29 489
29 2679
29 2681
30 38
30 47
31 404
31 402
31 2355
32 48
32 60
32 62
33 2212
33 110
33 1558
34 3115
34 4521
34 3658
35 1130
35 133
35 233
36 1104
36 268
36 93
37 2015
37 45
38 683
39 3971
39 3591
39 376
40 1527
40 1388
40 1475
41 4514
41 1462
41 297
42 1722
42 84
43 852
43 233
43 144
44 668
44 4876
44 4821
45 2015
46 3384
46 1416
46 1436
48 60
48 62
49 512
49 528
49 1025
50 1159
50 985
50 381
51 512
51 167
51 1392
52 841
52 205
52 619
53 234
53 258
53 176
54 4244
54 3981
54 5122
55 4183
55 67
55 2605
56 561
56 5172
56 229
57 2633
57 4129
57 262
58 385
58 1621
58 1128
59 3123
59 2000
59 3807
60 62
61 1408
61 1722
61 4177
63 163
63 733
63 66
64 1408
64 393
64 1875
65 932
65 937
66 733
66 163
67 4912
67 2605
68 95
68 326
68 1077
69 4133
69 2636
69 3235
70 3985
70 2565
70 2225
71 4424
71 4360
71 2930
72 239
72 441
72 292
73 2483
73 5171
73 4231
74 166
74 273
74 108
75 1261
75 3952
76 4944
76 1166
76 689
77 3184
77 4194
77 5065
78 255
78 3250
78 251
79 1467
79 4394
79 1682
80 4876
80 3184
80 3558
81 524
81 2407
81 4707
82 727
82 3820
82 1162
83 1372
83 114
84 3184
84 1408
85 1381
86 4944
86 3310
86 216
87 1346
87 3840
87 518
88 4105
88 201
88 1616
89 3981
89 5146
90 3917
90 2028
90 2122
91 3618
91 2598
91 2083
92 1393
92 1082
92 775
93 310
93 268
94 2457
94 2565
95 1186
95 787
96 2847
96 271
96 657
97 4910
97 1296
97 2060
98 462
98 3611
98 1160
99 1120
99 4157
99 275
100 148
100 189
100 573
101 536
101 1161
101 533
102 1237
102 295
102 133
103 1434
103 1105
103 242
104 115
104 1224
104 316
105 1943
105 4765
105 2862
106 486
106 147
106 459
107 445
107 1553
107 232
108 1079
108 273
109 261
110 199
110 175
111 1182
111 285
111 287
112 757
112 347
112 325
113 604
113 5107
113 3707
114 314
115 316
115 648
116 4244
116 5122
116 299
117 1743
117 5015
118 2220
118 1863
118 4937
119 3969
119 4664
120 4519
121 628
121 542
121 356
122 2259
122 4233
122 211
123 3845
123 4482
123 139
124 2948
124 832
124 1088
125 3986
125 2837
125 1027
126 4173
126 607
126 161
127 834
127 839
127 505
128 1220
128 618
128 182
129 139
129 1109
129 3422
130 4219
130 1097
130 3676
131 4458
131 158
131 4991
132 4020
132 1065
132 3405
133 2683
133 295
134 233
134 314
134 1211
135 5084
135 4799
135 2662
136 2647
136 2652
136 3600
137 474
137 1904
137 2747
138 1941
138 537
138 218
139 4921
139 5065
139 4673
140 396
140 1273
140 3310
141 507
141 3064
141 1017
142 552
142 2833
143 2066
143 3146
143 2356
144 460
144 233
145 2879
145 3991
145 4026
146 1346
146 278
146 2163
147 4594
147 3276
148 189
148 573
149 4594
149 2662
150 1523
150 802
150 1842
151 1328
151 768
151 588
152 692
152 5194
152 735
153 2837
153 278
153 1346
154 650
154 2178
154 1086
155 3088
155 3674
155 1485
156 170
156 168
156 164
157 3418
157 3129
157 992
158 4846
158 1677
159 906
159 5093
159 5040
160 2015
161 310
162 982
162 5012
162 3297
163 831
164 168
164 170
165 2078
165 377
165 222
166 1105
167 394
167 329
168 226
168 170
169 2236
169 890
169 2232
171 1570
171 260
171 1441
172 2428
172 2102
172 293
173 4692
173 1179
173 1042
174 4872
174 587
174 2857
175 2397
175 200
175 199
176 258
176 359
177 3405
177 261
177 776
178 1109
178 878
178 4164
179 2407
179 4154
179 292
180 2483
180 463
180 1214
181 4475
181 2551
181 950
182 3500
182 618
183 1151
183 1317
183 286
184 323
184 196
184 207
185 2562
185 1043
185 529
186 1928
186 2640
186 408
187 645
187 1559
187 4422
188 1442
188 969
188 5117
189 573
190 1756
190 198
190 2228
191 5175
191 943
191 470
192 1065
192 1094
192 3982
193 249
193 3676
194 2797
194 4034
194 3687
195 724
195 688
195 562
196 1074
196 323
197 883
197 3849
197 5170
198 617
198 1780
198 2228
199 200
199 2397
200 271
201 4527
201 4020
202 754
202 444
202 1171
203 1796
203 1384
203 4118
204 4321
204 1767
204 3296
205 2521
205 267
206 1830
206 216
206 1800
207 1074
207 323
208 4405
208 4081
208 3962
209 3128
209 554
209 2754
210 2973
210 4381
210 269
211 1056
211 2733
212 1468
212 1028
212 1031
213 1796
213 1715
213 4958
214 5006
214 910
214 3393
215 4800
215 1162
215 3229
216 3310
216 4944
217 4150
218 3576
218 537
219 1796
219 2609
219 353
220 2837
220 4266
220 3571
221 3267
221 4250
221 894
222 3983
222 4263
223 412
223 2580
223 2013
224 3184
224 3410
224 3986
225 3184
225 3344
225 594
226 714
227 3562
227 4885
227 4673
228 1057
228 1360
228 1318
229 2394
229 239
230 1300
230 784
230 3457
231 497
231 253
231 236
232 3611
232 2186
233 460
233 852
234 1005
234 1388
234 490
235 2394
235 4339
235 4334
236 253
236 497
237 5101
237 3323
237 627
238 948
238 1957
238 945
239 2078
239 2394
240 3800
240 492
240 3726
241 2222
241 3550
241 1425
242 1547
242 1105
243 1677
243 5042
243 922
244 2853
244 4596
244 3870
245 4049
245 262
245 3727
246 398
246 3413
246 3411
247 255
247 251
248 3202
248 1999
248 4458
249 3676
250 3168
250 1094
250 1065
251 255
252 3550
252 5040
252 2698
253 497
254 3205
254 4164
254 3198
256 4402
256 267
256 344
257 1196
257 4759
257 2100
258 359
259 1399
259 1464
259 601
260 1435
260 1441
260 331
261 776
261 1177
262 3590
262 2633
263 973
263 765
263 642
264 4573
264 4666
264 4572
265 311
265 559
265 324
266 4140
266 2906
266 397
267 2418
267 4244
268 294
269 4461
269 2230
269 3215
270 3332
270 862
270 1525
271 2475
273 1455
273 693
274 487
274 1446
274 4739
275 4157
275 4171
276 800
276 331
277 4346
277 1220
277 2853
278 1502
278 1346
279 4481
279 1060
279 3006
280 1246
280 1817
280 4596
281 3775
281 3800
281 3855
282 1920
282 2236
282 963
283 429
283 1088
284 3016
284 3958
284 3975
285 1182
285 287
286 2895
286 2892
287 1182
288 1442
288 1314
288 4958
289 4274
289 4020
289 959
290 3962
290 1965
290 2687
291 4961
291 1314
291 2848
292 441
292 1995
293 4461
293 2997
293 1346
295 2086
296 4551
296 2169
296 3343
297 1294
297 4596
298 3889
298 1321
298 2141
299 3231
299 1311
300 672
300 2230
301 933
301 861
301 1165
302 2235
302 3023
302 898
303 1181
303 2815
303 1881
304 875
304 1685
304 623
305 4510
305 4509
305 4619
306 4759
306 4994
306 2616
307 1610
307 4449
308 2589
308 4411
308 2182
309 1658
309 4598
309 4362
310 783
311 1129
311 972
311 559
312 4249
312 1240
312 1005
313 373
313 1498
313 772
314 1211
314 1068
315 931
315 3321
315 2687
316 1224
317 3184
317 4892
317 4311
318 2910
318 993
318 919
319 4142
319 1180
320 1787
320 4686
320 1061
321 2222
321 4351
321 4951
322 561
322 3558
322 4112
323 484
323 1074
324 932
324 937
325 757
325 347
326 1077
327 1577
328 342
328 4617
328 3708
329 394
329 1341
330 1446
330 445
330 1098
331 1441
331 640
332 4319
332 2103
332 4265
333 869
333 2473
333 1764
334 352
334 1470
335 4710
335 4037
335 664
336 4266
336 4157
336 1120
337 4604
337 4380
337 5178
338 4453
338 1058
338 3575
339 4144
339 3345
339 2009
340 4319
340 4265
340 2103
341 666
341 2186
342 4617
342 3708
343 1690
343 3945
343 438
344 4958
344 959
344 752
345 4874
345 4355
346 4097
346 3692
346 2961
347 757
348 1360
348 526
348 352
349 966
349 1360
349 5172
350 2195
350 882
350 495
351 1311
351 1155
352 478
353 1902
353 1156
355 2066
355 1978
355 4461
356 1385
356 542
357 2773
357 4346
357 1904
358 3800
358 878
358 2204
359 2896
359 3385
360 3338
361 3019
361 697
361 1586
362 656
362 2863
362 557
363 1330
363 1309
363 408
364 1508
364 1211
365 4265
365 1358
365 2510
366 5122
366 4958
366 494
367 3692
367 1941
367 3499
368 3409
368 1035
368 3954
369 758
369 781
369 1123
370 2057
370 625
370 1219
371 4493
371 4490
371 374
372 1523
372 1055
372 1413
373 1498
373 772
374 4493
374 4490
375 3981
375 388
376 2057
376 3591
377 1689
377 384
378 439
378 2028
378 1309
379 756
379 3202
379 2320
380 959
380 2099
380 2520
381 5050
381 985
382 387
382 383
382 3592
383 387
383 3592
384 2175
384 1689
385 2004
385 1044
385 475
386 2377
386 530
386 1805
387 3592
388 4506
388 4491
389 2232
389 1296
389 2060
390 3860
390 2249
390 1458
391 2241
391 3215
391 4525
392 1468
392 487
392 3938
393 2004
393 1875
394 1341
395 409
395 886
395 3218
396 4094
396 3310
396 1273
397 4525
397 2906
398 3981
398 2650
398 3239
399 3800
399 575
399 3110
400 1005
400 3769
400 3774
401 3223
401 1257
402 5082
402 604
402 404
403 3865
403 1497
403 1012
404 3598
404 604
405 2004
406 4158
406 4596
406 1839
407 4552
407 3983
407 4263
408 439
408 652
408 1309
409 3055
409 3218
409 2744
410 1274
410 1211
410 1331
411 1664
411 3995
411 2374
412 2447
412 3402
412 5143
413 3184
413 4491
413 4140
414 1764
414 4292
414 1603
415 2014
415 4064
415 4063
416 1509
416 1634
416 1194
417 2634
417 1304
417 1193
418 559
418 972
419 3211
419 940
419 2113
420 973
420 627
420 422
421 1384
421 864
421 1588
422 677
422 1263
423 1250
423 1911
423 795
424 1634
424 1194
424 1509
425 4250
425 3865
425 3019
426 516
426 1916
426 2067
427 5054
427 1868
427 2837
428 2624
428 1708
428 440
429 3726
429 3323
429 1238
430 1403
430 753
430 2588
431 4164
431 1779
431 1890
432 952
432 3720
432 659
433 881
433 2500
433 1213
434 1298
434 2665
434 1343
435 4876
435 4891
435 2836
436 779
436 1309
437 4140
437 5035
438 3945
438 4293
439 652
439 1309
440 2624
440 1708
441 451
441 472
442 4899
442 4283
442 1846
443 5077
443 769
444 1498
444 772
445 539
445 1446
446 4556
446 4596
446 897
447 5138
447 2580
447 2091
448 3558
448 2520
448 1676
449 3826
449 4123
449 2225
450 2220
450 5163
450 3721
451 1110
452 4831
452 1442
452 3662
453 982
453 1164
453 1537
454 2561
454 474
455 5089
455 1497
455 1924
456 2212
456 3084
456 4266
457 507
457 493
457 465
458 959
458 1309
458 2410
459 979
459 486
460 852
461 3184
461 1220
462 503
462 463
462 471
463 1214
464 3778
464 517
464 1659
465 4573
465 507
466 478
466 485
466 874
467 875
467 3121
467 1299
468 1309
468 1928
468 4164
469 883
469 1516
469 2212
470 3605
470 1648
471 503
472 1089
472 4681
473 4036
473 3293
473 4402
474 2212
475 915
475 527
476 1167
476 3826
477 3384
477 1190
477 736
478 987
478 874
479 4596
479 3764
479 3911
480 1867
480 847
480 499
481 1993
481 1369
481 3283
482 3558
482 1941
482 4883
483 1496
483 2156
483 1343
484 4980
484 4341
484 489
485 870
485 1602
485 1455
486 979
487 2347
487 4860
487 4523
488 861
488 1375
489 4341
489 4980
490 2886
490 875
490 1535
491 3184
491 4551
491 2734
492 3683
492 3726
492 2413
493 507
494 2708
494 3344
494 1519
495 2786
495 882
496 2249
496 1257
496 4984
497 1271
497 4034
498 4573
498 4572
498 2255
499 749
499 1217
500 4516
500 2780
500 2791
501 2301
501 865
502 3524
502 1422
504 1647
504 1641
504 3689
505 834
505 4876
505 839
506 4381
506 1004
506 992
507 4573
507 1461
507 1220
508 1848
508 1570
508 1441
509 902
509 3886
509 4801
510 2260
510 3870
510 4811
511 3778
511 4020
511 1616
512 1010
512 1392
512 1380
513 556
513 3887
513 3330
514 4665
514 4460
514 3777
515 1941
515 1743
515 4339
516 1916
517 2328
517 1659
518 3969
518 3840
519 883
519 3709
520 2394
520 3798
520 1562
521 1376
521 569
521 1496
522 2114
522 1279
522 1773
523 4768
523 826
524 635
524 1724
524 1242
525 1505
525 1916
525 4062
526 1432
526 1019
526 1578
527 3080
527 915
528 1010
528 1385
529 3709
529 3878
529 2426
530 2377
530 1805
531 2940
531 3289
531 3184
532 802
532 895
532 1620
533 536
533 1161
534 4876
534 2999
534 3558
535 1183
535 4202
535 1993
536 1161
538 2197
538 1022
538 3919
539 1446
540 787
540 874
540 1488
541 4859
541 1287
541 5156
542 1385
542 646
543 1044
543 2004
544 869
544 3323
544 897
545 5133
545 749
545 743
547 4681
547 4876
547 4666
548 2866
548 1346
549 654
549 1374
549 728
550 998
550 671
550 1120
551 1763
551 662
551 1206
552 2418
552 618
552 1369
553 2833
553 1478
553 3583
554 1327
554 3854
555 3179
555 3437
555 1055
556 3330
557 3428
557 656
558 563
558 3218
558 867
559 972
559 651
560 684
561 4265
561 2999
561 1220
562 869
562 724
563 3218
563 1152
563 2578
564 1993
564 709
564 574
565 620
565 744
565 899
566 1767
566 3296
566 1849
567 1359
567 1231
568 1232
568 3176
569 1496
569 1376
570 802
570 654
570 728
571 3709
571 2473
571 2894
572 3636
572 1904
572 3189
574 1993
574 709
575 1096
575 4223
576 1998
576 1533
576 1189
577 3129
577 2306
577 2022
578 2979
578 888
578 1515
579 4846
579 4342
580 654
580 1374
581 4266
581 5185
581 782
582 1720
582 4520
582 4934
583 5136
583 5172
583 1743
584 4908
584 3283
584 4993
585 1994
585 4001
585 4403
586 683
586 948
586 945
587 3741
587 2857
588 768
588 1328
589 604
589 883
589 1138
590 4487
590 1328
591 3344
591 1985
591 1983
592 1294
592 4596
592 621
593 1751
593 1068
593 1488
594 3823
594 4865
595 5129
595 4520
595 1720
596 838
596 1523
596 1279
597 1674
597 3539
597 793
598 604
598 606
598 3421
599 883
599 604
600 1868
600 3723
601 1470
601 1464
602 1360
602 1657
602 1050
603 1360
603 1318
604 883
604 2409
605 1994
605 4457
606 837
606 675
607 680
607 2671
607 1335
608 852
609 950
609 926
609 1446
610 1988
610 621
610 4596
611 1346
611 4799
612 717
612 4811
612 4853
613 4244
613 687
613 1315
614 1803
614 1534
614 804
615 745
615 708
615 637
616 5178
616 719
617 1780
617 1748
619 820
619 4188
619 4410
620 744
620 899
621 1557
621 4596
621 1567
622 4840
622 2015
623 3618
623 1685
624 3601
624 2982
624 1434
625 1219
625 5130
625 4851
626 1943
626 3758
626 1558
627 973
627 657
628 3468
628 2680
628 3259
629 714
629 1716
629 1124
630 875
630 1410
631 1086
631 1707
632 4097
632 1350
632 3173
633 3781
633 2094
633 2963
634 4876
634 4642
634 1111
635 1242
635 799
636 4603
636 3242
636 883
637 708
637 745
638 4806
638 2374
639 980
639 1925
639 698
640 800
640 777
641 735
641 5194
641 2566
642 1917
642 765
643 1036
643 4024
643 3681
644 2940
644 4903
644 2394
645 3764
645 4350
645 2125
646 804
646 1243
647 1132
647 1371
647 796
648 1224
649 1344
649 1866
650 1421
650 2178
650 670
651 972
652 1309
652 1718
652 2035
653 2490
653 2140
653 723
654 1374
654 728
655 2521
655 4572
655 4276
656 3743
657 973
658 3697
658 729
658 2811
659 3720
659 1581
660 2608
660 5194
660 735
661 3323
661 4927
661 690
662 1763
662 1206
663 750
663 1250
663 885
664 4710
664 4037
665 3993
666 2186
666 1225
666 974
667 686
667 716
667 1329
668 1743
668 1207
668 2837
669 3676
669 783
669 1414
670 949
670 1631
671 869
672 5002
672 4612
672 3202
673 2189
673 1587
673 874
674 3415
674 1724
674 3328
675 1925
675 837
676 4094
676 741
677 720
677 1263
677 977
678 1264
678 4038
678 1263
679 5023
679 695
680 1835
680 1335
681 983
681 875
681 874
682 1590
682 775
682 1393
683 807
683 747
685 4876
685 1998
685 3323
686 716
686 1329
687 966
687 3313
688 3989
688 1223
689 5133
689 743
690 2212
690 869
691 3006
691 4481
692 735
692 5194
692 2566
693 1602
693 1455
694 4423
694 4975
694 3730
695 4422
695 3718
696 3034
696 2050
696 2846
697 3430
697 1586
698 1925
698 980
699 2078
699 4217
699 1997
700 4334
700 4339
700 3558
701 1408
701 4274
701 4525
702 711
702 1250
703 2527
703 4720
703 1990
704 812
704 763
704 3051
705 2235
705 898
706 1403
706 4170
707 4596
707 2394
707 4920
708 745
709 1930
710 3767
710 3038
710 2467
711 1343
712 3146
712 3184
712 1056
713 1430
713 4700
713 1258
714 2397
715 2425
715 1880
715 738
716 1329
717 4811
717 808
718 1189
718 3767
718 719
719 4380
719 3202
720 827
720 977
721 1024
721 3426
721 1306
722 1142
722 1401
722 1160
723 2490
723 2140
724 1292
725 2490
725 3688
725 4596
726 1839
726 3362
726 3260
727 2571
727 2608
728 1374
729 2811
729 3697
730 2394
730 4143
730 2853
731 3260
731 3089
731 764
732 4976
732 1404
732 3089
733 831
734 4618
734 1146
734 1081
735 2566
735 5194
736 1024
737 2837
737 3215
737 4876
738 1880
738 2425
739 4051
739 3882
739 4062
740 4339
740 3781
740 771
741 3004
741 1888
742 5126
742 3981
742 1384
743 5133
743 749
744 899
746 748
746 1116
746 5126
747 807
747 1943
748 5126
748 1118
750 885
751 2233
751 1449
752 2596
752 4958
752 3911
753 2043
753 777
753 1049
754 3443
755 3436
755 3467
755 3461
756 1394
756 2450
756 1868
758 2996
758 2461
759 4009
759 1871
759 1804
760 1462
760 4403
760 1790
761 2078
761 5002
761 4576
762 3207
762 4143
763 810
763 3196
764 4556
764 3260
765 1049
765 2043
766 4104
767 1311
767 3172
768 2564
769 1281
769 1588
770 3588
770 3324
770 4286
771 4035
771 1929
772 1498
773 2031
773 774
773 1021
774 3987
774 3665
775 1470
775 1393
776 1177
777 1401
777 1049
778 1767
778 4321
778 2109
779 799
779 2583
779 790
780 3184
780 4746
780 4458
781 2976
781 1123
782 3503
782 3791
783 1360
783 1269
783 1414
784 2863
784 1496
785 2896
785 1123
786 3071
786 2234
786 2378
787 1488
788 2446
788 3417
789 4633
789 1753
789 2769
790 2583
790 1367
791 1384
791 3574
791 2786
792 2233
792 3395
792 1024
793 1498
794 1066
794 1347
795 4525
796 1029
796 2164
796 1132
797 4321
797 3296
797 1767
798 4407
798 1419
801 927
801 2369
801 4831
803 3354
803 2017
803 1761
804 1190
805 2401
805 4314
805 4506
806 2566
808 3867
808 1550
809 3395
809 2859
809 1799
810 4432
810 1922
810 1943
811 5007
811 4120
811 3607
812 3051
812 827
813 883
813 1403
814 5145
814 1111
814 4807
815 1629
815 3357
815 3356
816 1796
816 1379
817 850
817 1971
817 1660
818 3323
818 3995
818 3843
819 2069
819 4020
819 1200
820 4410
820 4188
821 2627
821 822
822 2627
823 4097
823 1290
823 3692
824 4616
824 4743
824 1268
825 1131
825 2616
825 4907
826 1826
826 4115
827 977
828 1268
828 4616
829 2473
829 842
829 3195
830 2846
830 4506
830 1770
832 2237
832 1372
832 1088
833 965
833 4876
833 1406
834 4007
834 4361
834 3067
835 3046
835 1363
835 1338
836 1381
836 3282
836 1489
837 1925
838 1413
838 1523
839 962
840 3981
840 4865
840 5122
841 2599
841 1389
842 945
842 1595
843 849
843 5068
843 1418
844 966
844 1769
844 1383
845 3960
845 4075
845 3992
846 1468
846 3067
846 988
847 1093
847 1907
848 1406
848 883
848 4474
849 1468
849 5068
850 4219
850 1097
850 3676
851 5143
851 3695
851 1740
853 4005
853 2847
853 964
854 3191
854 1622
855 996
855 2451
856 5136
856 5172
856 859
857 1695
857 1525
857 2295
858 935
858 904
858 933
859 1252
859 1472
860 1927
860 5169
860 2897
861 1694
861 1375
861 933
862 1525
862 3245
862 3249
863 942
863 1733
863 1034
864 1751
864 3078
865 1694
865 933
866 3158
866 1745
866 997
867 1880
867 1127
868 3656
868 2808
868 4201
869 2624
869 948
869 2473
870 1455
870 1602
871 1241
871 1794
871 1140
872 2400
872 4126
872 2197
873 4020
873 3778
874 983
874 2530
875 1535
877 883
877 2298
877 912
878 3035
878 4432
878 4164
879 1414
880 3800
880 881
881 4370
881 4116
882 1611
883 2409
884 3499
884 5002
884 3435
885 1250
886 1054
886 1657
887 1858
887 4578
887 4806
888 5140
888 2483
888 4774
889 3732
889 970
890 2236
890 2232
891 2166
891 2279
891 2948
892 1993
892 2592
892 1912
893 3113
893 970
893 1644
894 4250
894 4578
895 3065
895 913
895 1332
896 2154
896 1053
896 5054
897 1867
897 5007
897 3323
898 2235
900 3131
900 3206
900 1846
901 1376
902 4289
902 2449
902 3859
903 953
903 1468
903 911
904 1306
905 1695
905 1002
905 917
906 2282
906 4988
906 5042
907 3859
907 2449
908 927
908 3303
909 4368
909 3726
910 4821
910 4305
911 953
911 1468
912 2855
912 2298
913 1928
913 3065
914 3726
914 2504
914 2154
915 3080
916 4523
916 5129
917 3379
917 1002
918 4380
918 5178
918 4345
919 1462
919 993
920 4437
920 1594
920 1914
921 2073
922 3184
922 2906
923 4525
923 4177
923 1408
924 2164
924 1132
925 3368
925 3494
925 1419
926 2336
926 1446
926 1492
927 3671
927 1442
927 4831
928 1916
929 4458
929 1730
929 1599
930 1224
930 1812
931 4876
931 3548
931 3184
932 937
933 1375
933 1694
934 4527
934 4020
935 1592
936 4037
936 2882
936 2661
937 3656
938 1601
938 2412
938 1007
939 4307
939 1447
939 3984
940 2113
940 976
941 4952
941 4982
941 3159
942 1080
942 1757
943 5175
943 978
944 1743
944 2374
944 1941
945 948
946 4831
946 4876
946 3323
947 4473
947 2266
947 4458
949 954
949 3815
949 1023
950 955
950 2551
950 1043
951 2358
951 1913
951 1451
952 1581
953 1468
953 960
954 1305
955 2551
955 1043
956 3611
956 3300
958 3046
958 1824
958 1721
959 1932
959 4876
960 1468
961 2106
961 3436
961 1938
962 3260
962 3960
962 4666
963 1920
963 2236
964 4005
964 2847
965 1406
966 1769
966 3313
966 1383
967 2358
967 1451
967 975
968 4578
968 1858
968 4646
969 2080
969 1030
969 2089
970 3732
971 4231
971 4116
971 3692
972 1129
973 1264
974 1225
975 1451
977 1263
978 4033
978 4603
980 1791
980 1925
981 2218
982 4474
982 3297
983 1329
984 4578
984 3371
984 3552
985 1943
985 1930
985 1159
986 3250
986 997
986 2371
987 1521
988 1740
989 2781
990 2412
990 2221
990 1601
991 1686
991 1653
991 2900
992 1138
994 4133
994 1635
994 2911
995 4902
995 1430
996 2940
996 2394
996 3343
997 1745
998 4157
998 1120
999 2766
999 1663
1000 3356
1000 3343
1001 4231
1001 5134
1001 1497
1002 4666
1003 1916
1003 1772
1003 3454
1004 4020
1004 4381
1005 4212
1005 2504
1005 1616
1006 2334
1006 3773
1008 1492
1009 2142
1009 1750
1009 2131
1010 1380
1011 4558
1011 3406
1012 1273
1012 3310
1013 4070
1013 5101
1013 1515
1014 1779
1014 1681
1014 4164
1015 1764
1015 2569
1015 1275
1016 1094
1016 4449
1016 3141
1017 3064
1017 2198
1018 2207
1018 1031
1018 4083
1019 1432
1019 1504
1020 1788
1020 1409
1020 2296
1021 1187
1021 2031
1022 1180
1022 2787
1023 4197
1023 3815
1025 2480
1025 1341
1026 2983
1026 1027
1026 5006
1027 4876
1027 3410
1027 3986
1028 4995
1028 3284
1028 3820
1029 2164
1029 1132
1030 2520
1030 2080
1032 4693
1032 2937
1032 2939
1033 1843
1034 1733
1035 1831
1035 1058
1035 1573
1036 4584
1036 3681
1036 4024
1037 1383
1038 1743
1038 1096
1038 4876
1039 3904
1039 2596
1039 1468
1040 3615
1040 2098
1040 4563
1041 3800
1041 3558
1041 4140
1042 3017
1042 1179
1043 2551
1044 2004
1044 2014
1045 3566
1045 2055
1046 3961
1046 1747
1046 3005
1047 2607
1047 1609
1048 1049
1048 2495
1048 1977
1049 2043
1049 3606
1050 1360
1050 1399
1051 1364
1051 1082
1052 3029
1052 2452
1053 2837
1053 1286
1054 1657
1055 1413
1056 3146
1056 3869
1057 1318
1058 3783
1058 1919
1058 1573
1059 4444
1059 2117
1059 1640
1060 4481
1060 3006
1061 3889
1061 4686
1062 1583
1062 1788
1062 1409
1063 4606
1063 1467
1064 2212
1064 1078
1064 1066
1065 2786
1065 4020
1065 1094
1066 4572
1066 1078
1067 3755
1067 4958
1068 1211
1069 2356
1069 4572
1070 3919
1070 4876
1070 5134
1071 1636
1071 1144
1071 3726
1072 1941
1072 3992
1072 1442
1073 2143
1073 1099
1073 1288
1074 2892
1074 2895
1075 1521
1076 3714
1076 3981
1076 2252
1077 3065
1078 2822
1079 1115
1080 2116
1080 2777
1080 1262
1081 2227
1081 1146
1082 1148
1083 4137
1083 4024
1083 3792
1084 2831
1084 1302
1084 1195
1085 3019
1086 4388
1086 1707
1087 2042
1087 3489
1087 3197
1089 4358
1089 4681
1090 1330
1090 4621
1090 3038
1091 1134
1091 4143
1091 5138
1092 1141
1092 3609
1092 2437
1093 1564
1093 1907
1094 4020
1094 3323
1095 1856
1095 2447
1095 3571
1096 2734
1096 4978
1097 2550
1097 3676
1098 3028
1098 2434
1099 2143
1099 1288
1100 5155
1100 3585
1100 4795
1101 1671
1101 2128
1102 2157
1102 1690
1102 2096
1103 4374
1103 4463
1103 2614
1106 1398
1107 1470
1108 2409
1108 1962
1108 1291
1109 4432
1109 4164
1111 1477
1111 4876
1112 3062
1112 1117
1112 1115
1113 3046
1113 1630
1114 4713
1115 1117
1116 5126
1117 1399
1118 5126
1119 4068
1119 1983
1120 4157
1121 4836
1121 3010
1121 3017
1122 1703
1122 4341
1123 1490
1124 1716
1125 1871
1125 3547
1126 3395
1127 2463
1127 3505
1128 3184
1128 4506
1128 1621
1130 1786
1130 1451
1131 2271
1131 4907
1132 2276
1132 2164
1133 3422
1133 3184
1134 4140
1134 1147
1135 3884
1135 1188
1135 1136
1136 1438
1136 1188
1137 1139
1139 3688
1140 1236
1140 1159
1141 2289
1141 3609
1142 1401
1142 1160
1143 4729
1143 3184
1144 3232
1144 3609
1145 2585
1145 1846
1146 5021
1147 3800
1148 1393
1149 3600
1149 4391
1149 2732
1150 1839
1150 3144
1150 4708
1151 1267
1151 1453
1151 1584
1152 2970
1152 2129
1153 1306
1153 1896
1153 1426
1154 4108
1154 4112
1154 1725
1155 2614
1155 1928
1156 1902
1156 1168
1157 4757
1157 3460
1157 2123
1158 3547
1158 2875
1158 1973
1159 1555
1159 1540
1160 1401
1162 3820
1162 3439
1162 3959
1163 1401
1164 1881
1164 2263
1166 3747
1166 1468
1167 2520
1168 1902
1169 3612
1171 2008
1171 2179
1172 1576
1172 1427
1172 1449
1173 4406
1173 3494
1173 5060
1174 2106
1174 3165
1175 3919
1175 4232
1175 1528
1176 1665
1176 1732
1176 1933
1178 1219
1179 2046
1180 3551
1181 2726
1181 3161
1181 2456
1183 1203
1183 1266
1183 1382
1184 2920
1184 1605
1184 1714
1185 1253
1185 1208
1185 2700
1187 2031
1188 1438
1189 3855
1189 1998
1190 1474
1191 1983
1191 1874
1191 1839
1192 1874
1192 1891
1193 1410
1193 1304
1194 1509
1194 1634
1195 3389
1195 1302
1196 2616
1196 1983
1196 4572
1197 4140
1197 1963
1198 4461
1198 3786
1199 3113
1199 2612
1199 4859
1200 2069
1200 1752
1201 3778
1201 2596
1202 3558
1202 4876
1202 3178
1203 1266
1203 1316
1204 1479
1205 3184
1205 4458
1206 1763
1207 3017
1207 3558
1207 3184
1208 1741
1208 1253
1209 5054
1209 3571
1210 1687
1211 1508
1211 1274
1212 1868
1212 4491
1212 4510
1213 3331
1213 2109
1213 1788
1214 1650
1215 2590
1215 2054
1215 1610
1216 4927
1216 1932
1217 1256
1218 4528
1218 1226
1218 4535
1219 4219
1219 3676
1220 2894
1220 2285
1221 1400
1221 1443
1221 1571
1222 4816
1222 4593
1222 1607
1223 4142
1223 1412
1226 4528
1226 4535
1227 2877
1227 1480
1227 2886
1228 2250
1228 1989
1228 3242
1229 1532
1229 2225
1229 3332
1230 4525
1230 3976
1230 3978
1231 1333
1231 1359
1232 3039
1232 3218
1232 3469
1233 3210
1233 1839
1233 2047
1234 4578
1234 4673
1234 2918
1235 2199
1235 2605
1235 4962
1237 1928
1238 1636
1238 3726
1239 2143
1240 1537
1241 1794
1241 1717
1242 3692
1243 1388
1244 3428
1244 4319
1244 2837
1245 3010
1245 3346
1245 3526
1246 1251
1246 1817
1247 1998
1247 1676
1247 2596
1248 4423
1248 4975
1248 3730
1249 5079
1249 1695
1249 1254
1251 4750
1251 4749
1252 4390
1252 3902
1253 3820
1253 1741
1254 4578
1254 4307
1255 4040
1255 1689
1255 1297
1256 1326
1257 4132
1257 3754
1259 2863
1259 2789
1259 3799
1260 2078
1260 4140
1261 3080
1262 1866
1262 1684
1262 2777
1264 3105
1265 1468
1265 1952
1266 2093
1267 1370
1267 1584
1268 4616
1268 4743
1269 1360
1270 1311
1270 2032
1270 1731
1271 2995
1272 3452
1272 3329
1272 2095
1273 3310
1273 4094
1274 2456
1274 2927
1275 2028
1275 2569
1276 2234
1276 1641
1276 4762
1277 1284
1277 3389
1278 1285
1278 1670
1278 1319
1279 3390
1280 2667
1280 1674
1280 3539
1281 1588
1282 2078
1282 2450
1282 4985
1283 3992
1283 3156
1283 4871
1284 2060
1284 1296
1285 1822
1285 2326
1286 2801
1286 2543
1287 4588
1288 2143
1289 4692
1289 4840
1290 4091
1290 4168
1291 4035
1291 1962
1292 3184
1292 1631
1292 2588
1293 1384
1293 3466
1293 3580
1294 5044
1294 4596
1295 3038
1295 2467
1295 1552
1296 2060
1297 1901
1298 1928
1298 2665
1299 3285
1300 1835
1300 1335
1300 3457
1301 1839
1301 4596
1301 1569
1302 3732
1303 1846
1303 1430
1304 1410
1305 1710
1305 1755
1305 2563
1306 1734
1306 2212
1307 1309
1308 1574
1308 1462
1308 1322
1310 4688
1310 2979
1310 2984
1311 2145
1311 1917
1312 4682
1312 1651
1312 1667
1313 1403
1313 1546
1313 2029
1314 4104
1315 4499
1316 3619
1316 1544
1317 2468
1317 1975
1318 1360
1319 1322
1319 1670
1320 1796
1321 4872
1321 4140
1321 4489
1322 4075
1322 1462
1323 3864
1323 2163
1324 2499
1324 1374
1324 3545
1325 4876
1325 1868
1325 1525
1327 3221
1327 3854
1330 4876
1330 4300
1330 1408
1332 2646
1334 4334
1334 3184
1334 4339
1335 1835
1336 3581
1336 3310
1336 1473
1337 2078
1337 3184
1337 1876
1338 3331
1338 1363
1339 3231
1339 1620
1340 4478
1341 2530
1342 1996
1342 1421
1342 2699
1343 2156
1344 2079
1345 4081
1345 2758
1345 3434
1346 1502
1347 4988
1347 2267
1348 3611
1348 1491
1349 2324
1349 4391
1350 2012
1350 4339
1350 4334
1351 2787
1352 1435
1352 1441
1353 3184
1353 3455
1353 1898
1354 5039
1354 2776
1354 3982
1356 1608
1356 1853
1356 1485
1357 4024
1357 1973
1357 4912
1358 4319
1358 2510
1360 3273
1361 2579
1361 2890
1361 1362
1362 2579
1362 2890
1363 3331
1364 1534
1364 2428
1365 3343
1365 3876
1365 2940
1366 3291
1366 3078
1367 2583
1368 1917
1369 2786
1369 2418
1370 1420
1371 2164
1373 1568
1373 1443
1373 1400
1377 1856
1377 3571
1377 1459
1378 2530
1378 1495
1378 1422
1379 3954
1379 3678
1380 1388
1381 1489
1381 1480
1381 1490
1382 1719
1383 1769
1384 3981
1384 5122
1386 2207
1386 2313
1387 3071
1387 3810
1387 2645
1388 1392
1389 2599
1390 3986
1390 2417
1390 4900
1391 3922
1391 2394
1391 2786
1393 1590
1394 2394
1394 1868
1395 1449
1395 1576
1395 1478
1396 5172
1396 3184
1396 2349
1397 3811
1397 4876
1397 3821
1398 4974
1398 2149
1400 1568
1400 1443
1402 1621
1402 1796
1403 1549
1403 1505
1404 1796
1404 3881
1405 2853
1405 1868
1405 3902
1406 3040
1407 2950
1407 2113
1407 3592
1408 2070
1408 4525
1409 1431
1409 1417
1409 1788
1410 1451
1410 3300
1410 2790
1411 2164
1412 4142
1413 1523
1414 3676
1416 3384
1416 1436
1417 1454
1417 1431
1418 4619
1418 1906
1419 2118
1420 1584
1421 2699
1423 4958
1423 1623
1425 4988
1425 1801
1425 3550
1427 1478
1427 1449
1428 1846
1428 3132
1428 1928
1429 3558
1429 3104
1429 3096
1430 3129
1430 3300
1431 3692
1432 1504
1433 1473
1433 5130
1434 3601
1434 3610
1435 1441
1435 1570
1435 1538
1436 1592
1436 1575
1437 2302
1437 3355
1437 1460
1438 3557
1439 3300
1439 1961
1440 2853
1440 2217
1440 4143
1441 1570
1442 4790
1442 4831
1443 1571
1444 2083
1445 1617
1445 1513
1447 4307
1447 3984
1447 1450
1448 1449
1448 1913
1449 1451
1450 3984
1450 4307
1451 1913
1451 2358
1452 1457
1452 1717
1453 1584
1454 2292
1455 1602
1456 1719
1457 2078
1457 4491
1458 4394
1458 2151
1459 2334
1460 1491
1460 3355
1461 4140
1462 4514
1462 2451
1463 4876
1463 1743
1463 3362
1464 1470
1465 5054
1465 2837
1466 4045
1466 5171
1466 3432
1467 4730
1467 3772
1467 4570
1468 1610
1469 2837
1469 4143
1469 2687
1471 4112
1471 4266
1471 2545
1473 1983
1474 3365
1474 3579
1474 1475
1475 1535
1475 1527
1475 1492
1476 1698
1476 1540
1477 5003
1478 3583
1479 2220
1479 1793
1480 1490
1481 2001
1481 3375
1481 1555
1482 2398
1482 1790
1482 3813
1483 4265
1483 2507
1483 2912
1484 2726
1484 2740
1484 2408
1485 1608
1485 1853
1486 2890
1487 1704
1487 2261
1487 1493
1489 1490
1491 2425
1492 1535
1492 1527
1493 2261
1493 1551
1494 1698
1495 4525
1496 2156
1497 4817
1499 4140
1499 2719
1500 2111
1500 2910
1500 1968
1501 2078
1501 1722
1501 1542
1502 1515
1503 1625
1503 1627
1503 4656
1505 1549
1505 1774
1506 4901
1506 3835
1506 3267
1507 2029
1507 1546
1510 4656
1510 2862
1510 4765
1511 1720
1511 4520
1511 2810
1513 2088
1513 1617
1514 1527
1515 2833
1515 3558
1517 2835
1517 3093
1517 5136
1518 4370
1518 1632
1518 1522
1519 3653
1520 2580
1520 4596
1521 1547
1521 1543
1522 2049
1522 2078
1524 3439
1524 3657
1524 3215
1525 1695
1525 2863
1525 2078
1526 4876
1526 3418
1527 1543
1528 3819
1528 3215
1529 5079
1529 4748
1529 4736
1530 3381
1530 1531
1530 2366
1531 3381
1531 2366
1532 2734
1532 5065
1533 2445
1534 1803
1536 1890
1537 4403
1537 1846
1537 2987
1538 1848
1539 1620
1541 1542
1542 3389
1544 4439
1545 3870
1545 4123
1545 4811
1546 2029
1548 3249
1548 3245
1549 1774
1550 4413
1550 3867
1551 1693
1551 1789
1551 2353
1552 3409
1552 1745
1553 2726
1553 3100
1554 3046
1554 4194
1556 4265
1556 2507
1556 4319
1557 1995
1557 1567
1558 1754
1559 2292
1559 2915
1560 2078
1560 3215
1560 2837
1561 2701
1561 2953
1561 1563
1562 3904
1562 3798
1563 2953
1563 4572
1564 1907
1565 3343
1565 3726
1566 4266
1566 4250
1567 1995
1568 1571
1569 4596
1569 1839
1572 2296
1572 4545
1572 3644
1573 1771
1573 1919
1574 3262
1575 2844
1575 1592
1577 4568
1579 1756
1579 1580
1579 1619
1580 4027
1582 5113
1582 4822
1582 5112
1583 4600
1583 1788
1585 2057
1585 1639
1585 2989
1589 3333
1589 3889
1593 1882
1593 3147
1594 4252
1594 4785
1594 4437
1595 2104
1595 3108
1596 4980
1596 1604
1596 4789
1597 3108
1597 2433
1597 1910
1598 3184
1598 1826
1598 4458
1599 4322
1599 1730
1600 3259
1601 1650
1601 2221
1603 3415
1603 3414
1604 4966
1604 4980
1605 2920
1605 1714
1606 1639
1606 2989
1607 4816
1607 4593
1608 2052
1609 2607
1610 2054
1611 2834
1611 4322
1612 2937
1612 2939
1612 4480
1613 4793
1613 1618
1613 4846
1614 3676
1616 1621
1618 3817
1618 4793
1618 4841
1619 1934
1619 1756
1620 3455
1623 1970
1623 4319
1624 3963
1624 4596
1624 1839
1625 3310
1626 3202
1626 4432
1626 2866
1627 4656
1628 1929
1628 4739
1628 1834
1629 3356
1629 3357
1630 2093
1630 3486
1631 3281
1631 2588
1632 4546
1632 3054
1633 4309
1633 4291
1635 4182
1635 2911
1636 2271
1636 3726
1636 1895
1637 4275
1638 4133
1638 1832
1639 2989
1640 3732
1640 4034
1641 1647
1641 3689
1642 1646
1642 1727
1642 1702
1643 4559
1643 3765
1643 4692
1644 1839
1645 2157
1645 3099
1645 2636
1646 1702
1646 2110
1648 2805
1648 2708
1649 2886
1649 2508
1649 2567
1650 2221
1651 1667
1651 4682
1652 3178
1652 4494
1652 2852
1653 1686
1653 2900
1654 4243
1654 1664
1655 2078
1655 1867
1656 5065
1656 3400
1657 1784
1657 1900
1657 2114
1658 4572
1658 3558
1658 1676
1659 4352
1661 3243
1661 2610
1661 3238
1662 3837
1662 3747
1662 1846
1663 4300
1663 4921
1664 2786
1665 1933
1665 1732
1666 3886
1666 2125
1667 4682
1668 2063
1668 4958
1669 3136
1669 3764
1669 2981
1672 1839
1672 3003
1672 2400
1673 2262
1673 1802
1673 1923
1674 3378
1674 2253
1674 3539
1675 4578
1675 2369
1675 4575
1676 3558
1676 2492
1679 1851
1679 2861
1679 2174
1680 4936
1680 4608
1681 4432
1681 4164
1682 4299
1682 3518
1683 1941
1683 4876
1684 2589
1684 2777
1685 3768
1686 2900
1687 4876
1688 3499
1689 3014
1690 2157
1690 2153
1691 1911
1691 2644
1691 3215
1692 4143
1692 3733
1692 4276
1693 2353
1693 1789
1695 2356
1695 4160
1696 5094
1696 2596
1696 4423
1697 3562
1697 3349
1697 1903
1699 4747
1699 2884
1699 4970
1700 4854
1700 3326
1701 3683
1701 4461
1701 3210
1702 1727
1703 4341
1704 4222
1704 2261
1705 4917
1705 4746
1706 3573
1706 2516
1706 4033
1707 4388
1708 2624
1709 2237
1709 2279
1709 2286
1710 4971
1710 1755
1711 4876
1711 4461
1712 4351
1712 4988
1712 4951
1713 2373
1713 2572
1713 1799
1714 2920
1715 5082
1715 2418
1717 4417
1717 2292
1718 2035
1720 5129
1720 2394
1720 4520
1721 2016
1721 1824
1722 4176
1722 2444
1723 1948
1723 2070
1723 1857
1724 3415
1724 3328
1725 3841
1725 4954
1728 2135
1728 3371
1728 3057
1729 4407
1729 3555
1730 4275
1731 1917
1732 1933
1733 4684
1733 5028
1734 2578
1734 2496
1735 2045
1735 4075
1735 2066
1736 2884
1736 2640
1736 2489
1737 2418
1737 2467
1738 4596
1739 4110
1739 2269
1739 3866
1741 2380
1742 3703
1742 1750
1742 3704
1743 2450
1743 4876
1744 2129
1744 3322
1746 4189
1746 4241
1746 2774
1747 3456
1747 3005
1748 2445
1748 2595
1749 2876
1749 1776
1749 2335
1750 3703
1750 2142
1751 1768
1751 2102
1751 2361
1752 2069
1753 4578
1753 2681
1754 1943
1755 4971
1756 2228
1757 1898
1758 2900
1759 4034
1759 3061
1760 5065
1760 5055
1761 2017
1761 1865
1762 1815
1762 1839
1762 4596
1763 2087
1764 1888
1764 2028
1765 3911
1765 5122
1766 3493
1766 3482
1766 1856
1767 4321
1767 3296
1768 2361
1768 2102
1769 2647
1769 1771
1770 4525
1770 4506
1772 2607
1772 3454
1772 3447
1773 2711
1773 2560
1775 2364
1775 2053
1775 2488
1776 2335
1776 2246
1777 4520
1777 2611
1778 4927
1779 4432
1779 1890
1781 2944
1781 2373
1781 3213
1782 2242
1783 2803
1783 1810
1783 2085
1784 2114
1784 1900
1785 3067
1785 4596
1785 3386
1786 1810
1786 2180
1787 3964
1787 4212
1787 2462
1788 1982
1789 3576
1790 3813
1791 1925
1792 3378
1792 3011
1792 2908
1793 4951
1793 2559
1794 1800
1795 2298
1795 2525
1795 2509
1796 1941
1796 3125
1796 3574
1797 3558
1797 3992
1797 4876
1798 3184
1798 4876
1798 2837
1799 2859
1800 1971
1801 1953
1801 2155
1801 1926
1802 2262
1802 2268
1803 1813
1803 2352
1804 4009
1804 1871
1805 2349
1806 3733
1806 3558
1806 2389
1807 4194
1807 3682
1807 2514
1808 1892
1808 2969
1809 5065
1809 5055
1809 1993
1810 2803
1811 4143
1811 1860
1811 2829
1814 2072
1814 2237
1815 1988
1815 2376
1816 4112
1816 3362
1816 2013
1817 4884
1818 2999
1819 2877
1819 2262
1820 4451
1820 4265
1820 4319
1821 2078
1821 3683
1822 2326
1823 4329
1823 4325
1824 2016
1825 5078
1825 4753
1825 1993
1826 4115
1827 2339
1827 4001
1827 2930
1828 3615
1828 2098
1829 1887
1829 2405
1829 2766
1830 2005
1831 3760
1831 3954
1832 4669
1832 3219
1833 4266
1833 3571
1834 5122
1834 1927
1835 2297
1836 3992
1836 4422
1837 4093
1837 2778
1837 3017
1838 3184
1838 3215
1839 4596
1839 3456
1840 2180
1841 3954
1841 3409
1842 3580
1842 3028
1842 2212
1843 3213
1844 2180
1844 2458
1844 2345
1845 4971
1845 3726
1846 4283
1847 3017
1847 3558
1847 3178
1849 3215
1849 5002
1850 3981
1850 2501
1851 3256
1851 2649
1852 4798
1852 2398
1853 2485
1854 3835
1854 2152
1854 1885
1855 3994
1855 2518
1855 2041
1856 3571
1857 1948
1857 2070
1858 3136
1858 3922
1859 2892
1859 2387
1859 1883
1860 4143
1861 2871
1861 3459
1861 3316
1862 2004
1863 2596
1864 2936
1864 2388
1865 2378
1865 4664
1866 3087
1866 2777
1867 3319
1868 2450
1868 1941
1869 2073
1869 2233
1870 4449
1870 3890
1870 3061
1871 3547
1871 4009
1872 2190
1872 4391
1872 1989
1873 2990
1873 4143
1873 2669
1874 1891
1875 2004
1876 3319
1877 3558
1877 4140
1877 2962
1878 2963
1878 2989
1879 2713
1879 2159
1880 2484
1880 2425
1881 4752
1881 2815
1882 1883
1882 2168
1883 3175
1884 2635
1884 2451
1884 2593
1885 3835
1885 2152
1886 3571
1886 4983
1887 2379
1887 2382
1887 2766
1888 2028
1889 3445
1889 4668
1889 2455
1890 4432
1892 1986
1892 2217
1892 2794
1893 1904
1893 3636
1893 2138
1894 2053
1894 2869
1895 3726
1895 2271
1896 2997
1897 3215
1898 3184
1898 3455
1899 2382
1899 3366
1899 2460
1900 2670
1900 2442
1901 3310
1902 2078
1903 3910
1903 3349
1904 4182
1904 3650
1904 2334
1905 3632
1905 3636
1905 3315
1906 3200
1906 3604
1906 2178
1908 2103
1908 5019
1908 4265
1909 2480
1910 2543
1911 1986
1911 2891
1911 2524
1912 2573
1913 2790
1913 2200
1914 4785
1914 4252
1915 4286
1915 2543
1916 2067
1917 2032
1917 2043
1918 2524
1918 1986
1918 2891
1920 2037
1920 2236
1921 3142
1921 2483
1923 2268
1924 3853
1924 2618
1926 2155
1926 1953
1927 3845
1927 3904
1928 4178
1929 4035
1930 4432
1931 2732
1931 3422
1931 3125
1932 5138
1932 3035
1934 4162
1934 2099
1934 3826
1935 4988
1935 2245
1935 1940
1936 3598
1936 3702
1937 2434
1938 2106
1938 3436
1939 2420
1939 2767
1939 2339
1940 2245
1940 2132
1941 4876
1941 4402
1942 2560
1942 3504
1942 2711
1943 4164
1943 4432
1944 4876
1944 4211
1944 3215
1945 2346
1945 2792
1946 2003
1946 2384
1946 2411
1947 4856
1947 1973
1948 2070
1949 4339
1949 3777
1949 3017
1950 4546
1950 4292
1951 3418
1951 1993
1951 1970
1952 3072
1952 3066
1953 2155
1954 4442
1954 4608
1955 3145
1955 3676
1956 2990
1956 2473
1958 3322
1958 2352
1958 2097
1959 4055
1959 2481
1959 3278
1960 4389
1961 3100
1961 2726
1961 2055
1962 2409
1963 4140
1964 3214
1964 4122
1964 2576
1965 4583
1965 2121
1965 1966
1966 4669
1966 2121
1967 2893
1967 2263
1968 2111
1968 2910
1969 3319
1969 2439
1970 2103
1970 4319
1970 4265
1972 3492
1972 2130
1972 2133
1973 4856
1973 4246
1973 4024
1974 2511
1974 2033
1975 2726
1975 2468
1976 3210
1976 2171
1976 2482
1977 2495
1978 3558
1978 3726
1979 3683
1979 2413
1980 2105
1980 2027
1981 2229
1981 2415
1982 4600
1983 3495
1983 1985
1984 2358
1984 2530
1984 2189
1985 3495
1986 2891
1986 2524
1987 4920
1987 4578
1987 2025
1988 4596
1989 2250
1990 4519
1991 2549
1991 2217
1992 3960
1992 5060
1993 3709
1993 4753
1993 5078
1994 3637
1994 2454
1996 4093
1996 2699
1997 4217
1997 4596
1998 3780
1998 3450
1999 3870
1999 4458
2000 4596
2000 3807
2000 3194
2001 3355
2001 2227
2002 4794
2002 2853
2003 2484
2003 2493
2003 2384
2005 2878
2005 4312
2006 2375
2007 3780
2007 3800
2007 3855
2008 4275
2008 2066
2009 4604
2009 3345
2010 2332
2011 2178
2011 3304
2011 4392
2012 2245
2014 4064
2016 2220
2017 3354
2018 2859
2018 2446
2018 2523
2020 2099
2020 2217
2020 2565
2021 2145
2021 2457
2021 3004
2022 3129
2022 2306
2023 3404
2023 2147
2024 2467
2025 3981
2025 4432
2025 2866
2026 2149
2026 4974
2027 4432
2028 3917
2030 4600
2030 4943
2031 2034
2031 3324
2032 2043
2034 3324
2034 3050
2036 2082
2036 2205
2037 4432
2038 4169
2038 4247
2038 2272
2039 4266
2039 2891
2040 2222
2040 2582
2040 3136
2041 4247
2041 2292
2042 3197
2042 2997
2044 3239
2045 3215
2045 4275
2045 2394
2046 2078
2046 3293
2046 4666
2047 2312
2048 3368
2048 4130
2048 2863
2049 2394
2049 2837
2049 5054
2050 4540
2050 4541
2051 2365
2051 2881
2051 2488
2053 2364
2053 2721
2054 2436
2054 2108
2056 2074
2056 2886
2057 2989
2058 2072
2060 4802
2061 2886
2061 2508
2062 4187
2062 4239
2062 2774
2063 2632
2063 3467
2063 3689
2064 3486
2064 4453
2065 3676
2066 4368
2066 4461
2067 2457
2068 2499
2068 2949
2068 2941
2071 4831
2071 5138
2072 2886
2072 2262
2073 2867
2073 2233
2074 2691
2074 2886
2074 2379
2075 2212
2075 3570
2076 3766
2076 4293
2077 4546
2078 4140
2078 3184
2079 3709
2079 4047
2080 2087
2081 2918
2081 3204
2081 4303
2082 4255
2082 2205
2083 2598
2084 3937
2084 3847
2085 2523
2086 3541
2086 2446
2086 2456
2088 2434
2088 2209
2089 5117
2090 2099
2091 3323
2092 2965
2092 2135
2092 2807
2093 3783
2094 2963
2094 3781
2095 2359
2095 3329
2096 2132
2096 2729
2097 2352
2098 3615
2099 2520
2099 2511
2099 3826
2100 3184
2100 4759
2101 3531
2101 4432
2102 2361
2102 2740
2103 3705
2103 4319
2103 4265
2104 5068
2104 3108
2105 3502
2105 2813
2105 2239
2106 4100
2106 4013
2107 3362
2108 3576
2108 2436
2109 4458
2109 3202
2109 2734
2110 2544
2110 2530
2111 2910
2112 2634
2112 2671
2113 2448
2113 3211
2114 2586
2115 3184
2115 3990
2115 4876
2116 3042
2116 2845
2116 2777
2117 4444
2118 2971
2118 3498
2119 3917
2119 2318
2120 4716
2120 2386
2121 3609
2122 3099
2122 2138
2122 2636
2123 4806
2123 4934
2123 3186
2124 3613
2124 4086
2124 2813
2125 4398
2126 2763
2126 3202
2126 4906
2127 2143
2129 2970
2129 2508
2130 2321
2130 2133
2131 2142
2132 2729
2133 2142
2134 2549
2134 2382
2134 2972
2135 2965
2135 2772
2136 2239
2136 3936
2137 4081
2137 4496
2137 4550
2138 3636
2138 2154
2139 2972
2140 2490
2141 4403
2141 2220
2142 3703
2144 2441
2144 2210
2145 3004
2145 2457
2146 4480
2147 2388
2147 3273
2148 4081
2149 4974
2150 2313
2150 3557
2151 4299
2151 4282
2152 4491
2152 4876
2153 4169
2153 4596
2154 3221
2156 2392
2156 2742
2158 2637
2158 4558
2159 3050
2159 2856
2159 2713
2161 2635
2161 2905
2161 2451
2162 4140
2162 2896
2163 3864
2164 2276
2165 4458
2165 3558
2165 3410
2166 2948
2166 2237
2166 2279
2167 2384
2167 2411
2168 2387
2169 3343
2170 4334
2170 4339
2171 2743
2171 2482
2172 4739
2172 2687
2173 4258
2173 2201
2173 4787
2174 2823
2174 2861
2174 2712
2175 3762
2176 4958
2177 2212
2177 3558
2178 2541
2178 2538
2179 4840
2179 4116
2180 2833
2180 2189
2180 2530
2181 3571
2181 4406
2182 2589
2183 3493
2183 3482
2184 3309
2184 4182
2185 2807
2186 2409
2186 2383
2187 4008
2187 3862
2188 3592
2189 2358
2189 2530
2190 2330
2190 3778
2190 2263
2191 2522
2191 3222
2191 2219
2192 2741
2192 2883
2192 3536
2193 2256
2193 2466
2193 2303
2194 3184
2194 3319
2195 2734
2195 3184
2195 2473
2196 2610
2196 3243
2197 2627
2197 3089
2198 3064
2199 3184
2199 4112
2200 2790
2201 4258
2201 4787
2202 2809
2202 2207
2202 2557
2203 2342
2203 2798
2203 3844
2204 3215
2206 3114
2206 2705
2207 2809
2207 3149
2208 2708
2208 3755
2208 2312
2209 3168
2209 3028
2210 2392
2210 2441
2211 2250
2213 4596
2213 2370
2213 3012
2214 4274
2214 4020
2214 3193
2215 3046
2216 3611
2216 2646
2217 4162
2217 2350
2219 2302
2219 2522
2220 4692
2220 4840
2220 3658
2221 2412
2222 4951
2222 3550
2222 3049
2223 3025
2224 2457
2224 3917
2224 3786
2225 3826
2226 3239
2229 2876
2229 2552
2229 2665
2230 4123
2231 2591
2231 3046
2232 2236
2233 2867
2234 4708
2234 2378
2234 3904
2237 2948
2237 2279
2238 3397
2238 2917
2238 2842
2239 3502
2239 2813
2240 4140
2240 2577
2240 2561
2241 4020
2241 2746
2241 2748
2242 2484
2242 2373
2243 2258
2243 4133
2243 2849
2246 3358
2247 4583
2247 4960
2248 4799
2248 3323
2248 4301
2249 3964
2251 3124
2251 2792
2251 2919
2252 3034
2253 2667
2253 3378
2254 4122
2254 2600
2255 4573
2255 4572
2255 3960
2256 2466
2256 2303
2257 3741
2258 2849
2258 2360
2259 4572
2259 2616
2259 2263
2260 3089
2260 3667
2260 2328
2262 2268
2263 2616
2264 3855
2264 2443
2264 3800
2265 2342
2265 3844
2265 2798
2266 3184
2266 3202
2266 4458
2267 2297
2269 3866
2270 2334
2270 3477
2271 4907
2272 4216
2273 2675
2273 4840
2275 4268
2277 2999
2277 2280
2279 2948
2280 3703
2280 2321
2281 2666
2281 2415
2281 3151
2282 3550
2282 4951
2283 3533
2283 3495
2283 3215
2284 3735
2284 3931
2284 4442
2285 4140
2285 2894
2286 2895
2286 2361
2287 2291
2287 3268
2287 4381
2288 2895
2288 2336
2288 2361
2289 2517
2289 2448
2290 3093
2290 5136
2290 4572
2291 2444
2291 4381
2291 2453
2292 4589
2292 3643
2292 2504
2294 3478
2294 3979
2294 4319
2295 3986
2295 3726
2295 3558
2296 4545
2296 3644
2298 2509
2298 2855
2299 3768
2299 2486
2300 2826
2300 2709
2300 2634
2301 2785
2301 2768
2302 2522
2303 2466
2304 4924
2304 2623
2304 2755
2305 4025
2305 2440
2306 2351
2307 2314
2307 4430
2307 2502
2308 2708
2308 3048
2308 3398
2309 2450
2309 3355
2309 2471
2310 2316
2310 3818
2311 4139
2311 4947
2312 3755
2313 4217
2313 4976
2314 4430
2314 2502
2315 3735
2316 3917
2316 3786
2317 2785
2317 2345
2318 2569
2319 4546
2319 2734
2319 4242
2320 3267
2320 2933
2321 4938
2321 3703
2322 4687
2322 4494
2322 3996
2323 2530
2323 3291
2323 2558
2324 3169
2324 3750
2324 2644
2325 3456
2326 3823
2327 3075
2327 3372
2329 3530
2329 2695
2330 4780
2331 2956
2332 2476
2333 2348
2333 2363
2333 2337
2334 2779
2335 2352
2336 2895
2336 2361
2337 2348
2337 2363
2338 4142
2338 2894
2338 2512
2339 2767
2339 2925
2340 3714
2341 3811
2341 3344
2342 2798
2342 3844
2343 3066
2343 2929
2345 2458
2347 4860
2347 4523
2348 3410
2349 3883
2349 3882
2349 3915
2350 4960
2351 2731
2351 2764
2351 2779
2352 3273
2352 2646
2354 2698
2356 4573
2356 4666
2356 4572
2357 2374
2357 3922
2359 3329
2360 3577
2360 3014
2361 2895
2362 4596
2364 2895
2365 3338
2365 2881
2365 2718
2366 3381
2367 4292
2367 3375
2368 4028
2368 3290
2368 2528
2369 4578
2369 4575
2370 2378
2370 3012
2371 2459
2371 3917
2371 2568
2372 3916
2372 3184
2373 3213
2374 4506
2374 2804
2375 2434
2376 2611
2377 3915
2378 3040
2378 3084
2379 2676
2379 2691
2380 2804
2381 2568
2381 2583
2381 3952
2382 3273
2382 2658
2382 2549
2383 2965
2384 2749
2384 3311
2385 2832
2385 3982
2387 2892
2387 2848
2387 2844
2388 3273
2389 4711
2389 2427
2390 4707
2390 3368
2390 3571
2391 3075
2391 3372
2392 2785
2392 2803
2392 2742
2393 3678
2393 2556
2394 3868
2395 4572
2395 5117
2396 3391
2396 2877
2398 3088
2399 4958
2400 4861
2400 3003
2401 5094
2402 5043
2402 3184
2402 2692
2403 4152
2404 2758
2404 3598
2404 3702
2405 2646
2405 2766
2406 3136
2407 4277
2407 4292
2407 4289
2408 4739
2409 3804
2410 3826
2413 4040
2413 3683
2414 5143
2414 4997
2414 4339
2415 2666
2416 4739
2416 3503
2417 3362
2417 2450
2419 2687
2420 2536
2420 2767
2421 2773
2422 4273
2422 5122
2423 4699
2423 4703
2424 4351
2424 2698
2426 2989
2427 4009
2428 3273
2428 2668
2429 3184
2429 3845
2429 4989
2430 2625
2430 3282
2430 3025
2431 2683
2431 2646
2432 2895
2432 2944
2433 4107
2433 3108
2433 3613
2435 2660
2435 2858
2436 4702
2437 3609
2438 2497
2438 3543
2438 3227
2439 3184
2439 2692
2440 4025
2441 2742
2442 2711
2442 2670
2443 4458
2443 3202
2444 2453
2444 4176
2445 2595
2446 3395
2446 2859
2447 4494
2447 4958
2448 2517
2449 3859
2450 4461
2450 4319
2451 2593
2452 4005
2453 4176
2454 3637
2455 3445
2455 4668
2456 2972
2456 2927
2456 3052
2457 3004
2457 2459
2459 3917
2460 3208
2461 2996
2462 4455
2462 4214
2463 3541
2463 2938
2463 2935
2464 3550
2465 4368
2466 4107
2467 2899
2468 3630
2469 3053
2469 3065
2469 3119
2470 3692
2470 3136
2471 3802
2471 3355
2472 4927
2472 3285
2473 2624
2474 4292
2474 4081
2474 2477
2475 2673
2476 4988
2476 3550
2477 4266
2477 4081
2478 3347
2478 3250
2478 3244
2479 3378
2479 3539
2480 4036
2480 3401
2480 3060
2481 3878
2481 3278
2482 3369
2483 4045
2483 3142
2484 3167
2485 3321
2486 4451
2486 3979
2487 2629
2487 3068
2487 2702
2489 3310
2490 2503
2492 4572
2492 3558
2494 4399
2494 3439
2494 2725
2496 2578
2496 3127
2497 2703
2497 3832
2498 3299
2498 4107
2499 2941
2499 2949
2500 4242
2500 3202
2500 2837
2501 3747
2502 4430
2504 2530
2504 4087
2505 4544
2505 5067
2505 4688
2506 4348
2506 3913
2507 3353
2507 4265
2509 2855
2510 4319
2511 2520
2511 4699
2511 4703
2513 4707
2513 2904
2514 4596
2514 3682
2515 2719
2515 2753
2516 4774
2519 3124
2519 2977
2519 3078
2520 4699
2520 4703
2521 3344
2522 3222
2523 2742
2524 2891
2525 2855
2527 3946
2528 4028
2528 3290
2529 3164
2529 3386
2529 3074
2531 3168
2531 2606
2532 2837
2532 3594
2533 3654
2533 2539
2534 5065
2534 2596
2534 3321
2535 3438
2535 2564
2535 2546
2536 4024
2537 4028
2537 3290
2538 3279
2538 2541
2539 3786
2540 5122
2541 2547
2542 4619
2542 4509
2542 3092
2543 4150
2543 2801
2543 3087
2545 4130
2545 4266
2546 3438
2546 2564
2547 4486
2548 3609
2548 2553
2549 2954
2549 2658
2550 3676
2551 4475
2552 2665
2553 3609
2554 3073
2554 3070
2555 4776
2555 3955
2555 3858
2556 3641
2556 4721
2556 3624
2557 2809
2558 3291
2558 3112
2559 2882
2559 5093
2560 2586
2560 2711
2561 2999
2561 4140
2562 3018
2563 3079
2564 3438
2566 5194
2566 5186
2567 2578
2567 2970
2568 3917
2570 3775
2570 4448
2571 5194
2571 2608
2572 2597
2573 3735
2573 3451
2574 3498
2574 4112
2575 2831
2575 4319
2576 3037
2576 2717
2577 3952
2578 3292
2578 3097
2578 3341
2579 2890
2580 2642
2580 2692
2581 4194
2581 5034
2581 3911
2582 4988
2582 3735
2582 5040
2583 3952
2584 2866
2584 3500
2584 4603
2585 3289
2585 2940
2587 4442
2587 4081
2587 3155
2589 3917
2590 2714
2591 4527
2591 2748
2593 3287
2593 2633
2593 2647
2594 5136
2594 3093
2594 2787
2596 4358
2596 2645
2597 2997
2597 3213
2601 4133
2601 2703
2602 4245
2602 3911
2603 3218
2604 2772
2604 3919
2605 4912
2608 5194
2609 3990
2609 2724
2610 3243
2611 4876
2611 3215
2612 3113
2612 2988
2612 2816
2613 3692
2613 4595
2614 4509
2614 4374
2614 4463
2615 3335
2615 4736
2615 4440
2616 4759
2617 4130
2617 3353
2618 3853
2618 2693
2618 3148
2619 4070
2619 4912
2620 3470
2620 3735
2622 4609
2623 4928
2623 2755
2625 3282
2625 3175
2626 5138
2626 4461
2627 3321
2627 4194
2627 2833
2628 4699
2628 5078
2628 4753
2629 3068
2629 2702
2630 2857
2630 5172
2630 3507
2631 2682
2632 3467
2632 3689
2633 2647
2633 3248
2634 2649
2634 2709
2635 3267
2636 3235
2637 4615
2637 5122
2637 3981
2638 3013
2638 4596
2638 4165
2639 4123
2639 2873
2639 2782
2641 4939
2642 3992
2642 4339
2643 3844
2643 2796
2644 3750
2644 3169
2645 4330
2646 3273
2648 4807
2648 4873
2649 2921
2649 2826
2650 4378
2650 3239
2652 3600
2652 3481
2653 3568
2653 3379
2653 3359
2654 3996
2654 3964
2655 4927
2655 5032
2655 4442
2656 3917
2656 2750
2656 4059
2657 3955
2657 3855
2659 2689
2659 3179
2659 3201
2660 3259
2661 2882
2661 3546
2662 4594
2662 4928
2662 3272
2663 3259
2663 2680
2664 4527
2664 4020
2665 3426
2665 2876
2667 3539
2668 3224
2669 4143
2669 3658
2670 2711
2672 3348
2674 4164
2674 4432
2676 2691
2677 2678
2678 2859
2679 4980
2680 3468
2680 3259
2682 4080
2682 3431
2683 3433
2683 3430
2683 3408
2684 4508
2684 4135
2685 2707
2685 2704
2686 3981
2686 2943
2687 4739
2687 5060
2688 4903
2688 4021
2689 3218
2690 3505
2690 3019
2690 4391
2691 3273
2692 3184
2693 3392
2693 3148
2694 3456
2695 2859
2695 3530
2696 2994
2697 2748
2697 3922
2698 5040
2700 5067
2701 3452
2702 3068
2704 2707
2705 3395
2705 3114
2706 3209
2708 3398
2708 3048
2712 2823
2712 2861
2713 3050
2713 2856
2715 4292
2715 4081
2715 4289
2716 2747
2716 2750
2716 3510
2717 3214
2718 2881
2718 3338
2719 5007
2719 2753
2720 4840
2720 4521
2720 4692
2722 3786
2722 2752
2722 3734
2723 3040
2723 2863
2723 3084
2724 2770
2725 3048
2725 3766
2726 2914
2726 3161
2726 3100
2727 2881
2728 2819
2729 4132
2730 4506
2730 2833
2731 2779
2731 2764
2732 5112
2732 3755
2732 4822
2734 3184
2737 3022
2737 3895
2737 2873
2738 3922
2738 3755
2739 2818
2741 2783
2741 3536
2743 3369
2743 3185
2744 3218
2746 2748
2747 3627
2747 2750
2748 4020
2749 3311
2749 2901
2750 2752
2750 4059
2751 4927
2751 3026
2752 3786
2752 4074
2753 3040
2754 3128
2754 3115
2755 4724
2755 4172
2756 4572
2756 2821
2757 3197
2757 3417
2758 4821
2758 3702
2759 3792
2759 3660
2759 4856
2760 4130
2760 3812
2760 3810
2761 3311
2761 3476
2762 4147
2763 5032
2763 4143
2764 2864
2764 2779
2765 4556
2765 2854
2765 3342
2766 3273
2768 2790
2769 2987
2770 3521
2771 4130
2771 4266
2772 2965
2773 4907
2773 3013
2774 2909
2774 4474
2774 4239
2775 3312
2775 2793
2776 4474
2776 4189
2777 3042
2779 2864
2780 2791
2780 2836
2781 3466
2781 3225
2782 4150
2783 3536
2784 4100
2784 2878
2785 2803
2786 4274
2786 4506
2786 4020
2787 2835
2787 5172
2788 4915
2789 2863
2789 3799
2791 3717
2792 2919
2793 3143
2793 3157
2795 4709
2795 4845
2796 2916
2797 3129
2797 4034
2798 3844
2799 3992
2800 3395
2800 3377
2800 3404
2801 3087
2805 3709
2805 3521
2806 4822
2806 5112
2806 4468
2808 3656
2808 4201
2809 3149
2810 4520
2811 3660
2811 3697
2812 4570
2812 3222
2812 4720
2813 3004
2813 4086
2813 3502
2814 3311
2816 3113
2816 3760
2817 2839
2817 3586
2818 3013
2818 5095
2819 4143
2819 4876
2820 4255
2820 3214
2821 4300
2823 2861
2824 3528
2824 3014
2824 3896
2825 4518
2825 4920
2825 3206
2826 3457
2828 4182
2829 3423
2830 3781
2830 2963
2831 3755
2831 4403
2832 3495
2832 4458
2833 3558
2834 4188
2834 3828
2835 3093
2835 5136
2836 4891
2837 4876
2839 5143
2839 3023
2840 3556
2840 3095
2840 3420
2841 3725
2841 4224
2842 3397
2842 3302
2843 4001
2843 3886
2843 4806
2844 2892
2844 2848
2845 3042
2846 4432
2847 4005
2848 2892
2850 4159
2851 2900
2852 3195
2852 3281
2852 3672
2853 4143
2854 4033
2854 4556
2855 3690
2856 3050
2858 3468
2858 3475
2859 3395
2859 3388
2860 4708
2862 4765
2863 3084
2866 5065
2866 4432
2868 4310
2868 4541
2870 4339
2870 5143
2871 3459
2871 3322
2871 3316
2872 3904
2873 3022
2873 3895
2874 3413
2875 3828
2876 3373
2876 3412
2876 3426
2877 2881
2877 3391
2878 4100
2879 3037
2880 3282
2880 2945
2880 3025
2881 2886
2882 4046
2882 4890
2882 3598
2883 3536
2884 3904
2884 4747
2885 2887
2886 3366
2887 4341
2888 4980
2888 4789
2889 4963
2889 4637
2889 4628
2891 3483
2891 3449
2892 2895
2892 3399
2892 3448
2893 3126
2893 3082
2893 3109
2896 3385
2897 3889
2898 3004
2898 3673
2899 4051
2899 4062
2901 3311
2902 3494
2903 3430
2904 3603
2905 4195
2906 4894
2906 3184
2907 3592
2907 2926
2907 2923
2908 3111
2908 3378
2908 3011
2909 4241
2909 4189
2911 4182
2912 4410
2912 3828
2913 4474
2913 4192
2914 3052
2915 4266
2915 2920
2916 3072
2917 3397
2918 4693
2919 3489
2922 3570
2923 2928
2923 2926
2924 4250
2924 2934
2924 3019
2925 2930
2926 2928
2927 2972
2927 3052
2928 2932
2929 3066
2930 4360
2932 2966
2932 2950
2933 3982
2933 4729
2934 4250
2934 3019
2935 2938
2935 3541
2937 4921
2937 5065
2937 2939
2938 3597
2939 4921
2939 5065
2940 3289
2940 3343
2941 2949
2942 2960
2942 2950
2942 2966
2943 4618
2943 3916
2944 3213
2945 3025
2945 3175
2947 2974
2947 2960
2947 2975
2950 2966
2950 2960
2951 4935
2951 3895
2952 5060
2953 3146
2955 3922
2955 3038
2956 3186
2956 3687
2957 4432
2958 4451
2958 4319
2958 4265
2959 3583
2959 3529
2960 2974
2960 2966
2961 4097
2961 3692
2962 3913
2962 4757
2963 3781
2964 4173
2964 4692
2964 3389
2966 2975
2967 3015
2969 3433
2971 4458
2971 3498
2972 3545
2972 3052
2973 4381
2973 2980
2974 2992
2974 2975
2974 2985
2975 2992
2975 2985
2978 4112
2978 4353
2978 3792
2979 3383
2979 3091
2980 4381
2981 3911
2981 3764
2981 3103
2982 3610
2983 5051
2983 4305
2983 4821
2984 4491
2984 4143
2985 2992
2986 3662
2986 4043
2987 4319
2988 3113
2990 5156
2990 3726
2991 4739
2991 4583
2991 3577
2994 3278
2994 3152
2995 4124
2995 3520
2998 3395
2999 4120
2999 4140
2999 3298
3000 3922
3002 3009
3003 3013
3004 3673
3005 3961
3006 4481
3007 4285
3007 4338
3008 4123
3008 3368
3009 3584
3009 3020
3010 3639
3010 3017
3011 3443
3011 3378
3013 5095
3014 3577
3016 4480
3017 3937
3017 3558
3018 4922
3018 4156
3019 3865
3019 4250
3020 4461
3020 3584
3021 4040
3022 3908
3022 3280
3022 3905
3023 3565
3024 3427
3024 3209
3024 3235
3025 3282
3026 3669
3026 3735
3027 3909
3027 3969
3027 3967
3028 3030
3028 3168
3030 3168
3030 3569
3031 4162
3032 3450
3032 3174
3032 4673
3033 3202
3033 3800
3034 4244
3034 3040
3035 3046
3036 3184
3036 4452
3037 3214
3039 3437
3039 3469
3040 3084
3041 4596
3041 3904
3043 3676
3044 4958
3045 3352
3045 3121
3047 3060
3048 3398
3049 4988
3049 4890
3053 3065
3053 3119
3054 3202
3055 3218
3056 3777
3056 3849
3057 3371
3058 4406
3058 3472
3059 3218
3060 3352
3060 3401
3061 3687
3061 4034
3061 3879
3063 4097
3063 5003
3063 4546
3065 3123
3065 3119
3066 3072
3067 4361
3067 4007
3069 4876
3069 4546
3070 3073
3071 3464
3071 3810
3072 3797
3074 3164
3074 3525
3075 3453
3075 3372
3076 3660
3076 3697
3077 3218
3077 3269
3078 3124
3081 4264
3082 3609
3082 3126
3083 3265
3085 3783
3086 5122
3087 4150
3088 3144
3089 3499
3090 4573
3090 4572
3091 3653
3091 3383
3093 3865
3093 4219
3093 5136
3094 5142
3094 4178
3095 3556
3095 3420
3096 3716
3096 3104
3097 3341
3097 3292
3098 3539
3098 3111
3099 3120
3099 3196
3102 3729
3102 3465
3102 4976
3103 3764
3104 3163
3104 3324
3104 3588
3106 3898
3107 4020
3107 3173
3109 3126
3110 3800
3110 3780
3110 3450
3111 3443
3112 3291
3115 3226
3116 3711
3117 3472
3117 4406
3118 4423
3118 5060
3120 3196
3120 3158
3122 3302
3125 3344
3128 3221
3130 3307
3131 3614
3131 4178
3131 4506
3132 4975
3133 3599
3133 3460
3134 5115
3134 4013
3134 4956
3136 4811
3136 3141
3137 4687
3137 4738
3137 3451
3138 4329
3139 3966
3139 3787
3139 3953
3140 3905
3140 3280
3141 4623
3141 4811
3142 3188
3143 3157
3145 3676
3146 4572
3146 3154
3147 3374
3148 3392
3149 4369
3150 3954
3150 3981
3153 4958
3153 3992
3154 3886
3154 3686
3155 3434
3155 3393
3156 4876
3156 5143
3158 4150
3158 3488
3159 4578
3159 3571
3160 3808
3160 3731
3160 3277
3162 4542
3162 4958
3163 3588
3163 3313
3164 4713
3165 4219
3165 3676
3166 4432
3166 4569
3167 3312
3169 3560
3171 4936
3171 5122
3171 4678
3173 3234
3174 3844
3177 3826
3177 4826
3178 3716
3181 5099
3181 3466
3182 3216
3182 3217
3182 3444
3183 3309
3183 3861
3183 3470
3184 4140
3185 3369
3187 3443
3188 4150
3189 4182
3189 3636
3190 3500
3190 4708
3192 4458
3192 3882
3193 4324
3194 3807
3195 3617
3195 3281
3198 3995
3198 3653
3199 3663
3199 4984
3200 3604
3202 4458
3203 3404
3204 4194
3205 3259
3206 4194
3206 4422
3207 4143
3208 3213
3209 3235
3209 3427
3210 4140
3210 4075
3210 3726
3212 4681
3212 4358
3212 4109
3214 4122
3215 3819
3215 4876
3216 3444
3216 3217
3217 3444
3219 4687
3219 3464
3219 3942
3224 3273
3227 4625
3229 4777
3229 4539
3229 3236
3230 3248
3230 3590
3230 3308
3232 3609
3234 3612
3234 3609
3235 3427
3236 3851
3236 4539
3237 3404
3237 3395
3239 4422
3240 4623
3240 4811
3241 4876
3241 4451
3241 3979
3244 3347
3244 3250
3245 3249
3247 5129
3248 3308
3250 3347
3251 4781
3251 3692
3251 4097
3255 4967
3255 4426
3255 4919
3256 3377
3256 3259
3257 3258
3258 3945
3260 3500
3262 3648
3262 3471
3262 3361
3263 3781
3264 4310
3264 3571
3266 3480
3266 4135
3267 4250
3268 4022
3270 3690
3271 3442
3272 4724
3272 4928
3274 3459
3275 3755
3277 3808
3277 3731
3278 3418
3280 3905
3280 3908
3281 3672
3283 4101
3284 3335
3284 4995
3285 3310
3288 5003
3288 4527
3288 4887
3289 3652
3290 4028
3292 3341
3293 4573
3293 4572
3293 4666
3294 4218
3295 4203
3295 4020
3295 5122
3296 4321
3297 3439
3298 4052
3298 3805
3299 3454
3299 3407
3301 3640
3301 4182
3302 3397
3303 3558
3304 4256
3305 3494
3305 5060
3306 3687
3306 4077
3306 4034
3307 4728
3307 3965
3308 3590
3309 3640
3309 4182
3309 3632
3310 4094
3313 3588
3314 3322
3314 3459
3315 4182
3316 3459
3316 3322
3317 5113
3317 5112
3317 4822
3318 4789
3318 4341
3320 3778
3320 3562
3321 4753
3321 5078
3322 3459
3323 4876
3324 3349
3324 3588
3325 4266
3326 4927
3326 4075
3327 3499
3328 3415
3330 3887
3331 4116
3331 4370
3332 3776
3333 4112
3333 3558
3334 4143
3335 4687
3335 3670
3337 3922
3337 3585
3339 4739
3340 4422
3342 4127
3344 4369
3344 3811
3345 4604
3345 4144
3346 3654
3348 4275
3349 3588
3350 4380
3350 5178
3351 3547
3352 4583
3355 3473
3356 3357
3358 3412
3358 3426
3359 3595
3359 3379
3359 3568
3361 3648
3361 3471
3362 4876
3364 4756
3364 4649
3364 4364
3367 4525
3367 3943
3367 3721
3368 3571
3368 3494
3370 3755
3370 3960
3373 3426
3374 3404
3374 3442
3376 4280
3377 3404
3377 3395
3378 3443
3379 3462
3379 3568
3380 3474
3382 4596
3383 5007
3387 3456
3388 3395
3389 3955
3389 3855
3390 3457
3392 3850
3393 4405
3394 3499
3394 3789
3395 3404
3396 4642
3396 4876
3399 3448
3400 3886
3401 4126
3402 4020
3402 4527
3403 3677
3403 3485
3403 3534
3405 4244
3406 3996
3406 3881
3407 3454
3408 3433
3408 3430
3409 3954
3410 3733
3410 4546
3410 3986
3411 4010
3411 3878
3414 3415
3416 4312
3416 4975
3416 3519
3418 3800
3418 3855
3419 3669
3420 3556
3422 3945
3423 4978
3423 4143
3425 4520
3425 5129
3426 3601
3429 3709
3430 3433
3431 4814
3431 4080
3432 4045
3432 5171
3435 5054
3435 5002
3436 3467
3436 3461
3438 3763
3439 3959
3445 3467
3445 3461
3446 4729
3447 3454
3449 3528
3449 3483
3450 3800
3450 5082
3451 4730
3452 3514
3453 3779
3453 4516
3453 3788
3456 4596
3456 4390
3458 4679
3460 3599
3461 3467
3462 4275
3462 3568
3463 3753
3464 3810
3465 4692
3465 4521
3466 3777
3470 3861
3471 3648
3471 3655
3471 3612
3472 3744
3473 3898
3473 3474
3474 3898
3478 4319
3478 3979
3478 3521
3479 3487
3480 5060
3481 3513
3481 3600
3482 3999
3482 3493
3484 3979
3484 5019
3485 3677
3485 3534
3486 4242
3486 3567
3488 5120
3488 4150
3490 3558
3490 3605
3490 4596
3491 4286
3492 3723
3492 3790
3493 3999
3494 4952
3494 4578
3494 3571
3496 3535
3498 4458
3500 4876
3500 3868
3500 3565
3501 4273
3501 5143
3502 4086
3503 4266
3504 3541
3505 4556
3506 3554
3507 3741
3508 3695
3508 4042
3509 4314
3509 3922
3510 5007
3511 4266
3512 4164
3513 3600
3513 3629
3515 3608
3515 3517
3515 3553
3516 4688
3517 3628
3517 3608
3518 4394
3518 4771
3519 3525
3519 3520
3520 3525
3520 4124
3523 3890
3523 3795
3529 3583
3532 3982
3532 4143
3533 3739
3533 4459
3534 3746
3534 3677
3535 3550
3535 4890
3537 4378
3537 5145
3538 4334
3540 3608
3540 3563
3542 3926
3542 4018
3543 4143
3544 4321
3546 4578
3546 3631
3547 4009
3548 3638
3549 3692
3550 3732
3551 4739
3551 4603
3551 3983
3552 3637
3553 3608
3554 4516
3554 3788
3558 4824
3558 3726
3558 4619
3559 4739
3559 3561
3561 4708
3562 4164
3562 3576
3563 3691
3566 4815
3567 3575
3568 3595
3571 4813
3572 4958
3573 4178
3581 3617
3584 4107
3585 4131
3585 4764
3586 3587
3589 4988
3590 3727
3593 3971
3593 3893
3593 3923
3594 5006
3596 4846
3596 4793
3597 3610
3598 3702
3600 3629
3601 3610
3602 4846
3602 4841
3603 3735
3603 4612
3603 4027
3607 4240
3607 4519
3607 4511
3608 3628
3611 4157
3612 3655
3614 4314
3614 4178
3614 4506
3616 4546
3616 4339
3616 4143
3617 3837
3620 3623
3622 3900
3622 3642
3622 3782
3624 4721
3624 3641
3625 4841
3625 3930
3626 3681
3626 4024
3631 4250
3632 3636
3632 4182
3633 3886
3633 3869
3634 4885
3634 4676
3634 4673
3639 4182
3640 4182
3641 3747
3641 4721
3642 3900
3642 3782
3643 3684
3643 4961
3644 4545
3645 3855
3645 4519
3646 3778
3646 4352
3646 3667
3647 4182
3651 4212
3652 4876
3653 4308
3656 4201
3657 3828
3657 3841
3658 4840
3658 4521
3660 3697
3661 3963
3661 4596
3662 4831
3663 3823
3664 4506
3664 4391
3665 3987
3666 4405
3666 4982
3666 4952
3667 3904
3668 3691
3668 3679
3670 3672
3675 3853
3675 3932
3676 4219
3677 3746
3678 4124
3679 3691
3680 4521
3680 4840
3681 4024
3681 3951
3681 3712
3682 4875
3683 4040
3684 4961
3685 3995
3685 3843
3687 4034
3692 4781
3692 4097
3693 4034
3695 4050
3696 4527
3696 4422
3696 4611
3698 4831
3698 3834
3699 4706
3700 4194
3701 4029
3704 3705
3704 3762
3706 3865
3706 4219
3707 5093
3708 4617
3709 4753
3709 5078
3710 4600
3711 4773
3712 3913
3712 3951
3713 3752
3713 4754
3713 3724
3714 3904
3715 3855
3715 3800
3715 3785
3716 3960
3716 3813
3717 4585
3717 4947
3718 4183
3718 3799
3719 3737
3719 3745
3721 3943
3722 3930
3723 3790
3724 4394
3724 4771
3725 4174
3727 4049
3728 4493
3730 4975
3731 5087
3731 3808
3733 4140
3734 3786
3736 5170
3738 3832
3739 4459
3740 5015
3742 4939
3744 4868
3744 3854
3747 4265
3748 4153
3749 4203
3749 4350
3751 3911
3751 4596
3752 4570
3755 4301
3756 3810
3757 4598
3757 3950
3758 5174
3758 4597
3758 3784
3759 4248
3759 4467
3759 3854
3762 3763
3765 4692
3765 4521
3766 3960
3766 4143
3767 5156
3768 5077
3768 3771
3768 3896
3769 4339
3769 4596
3770 4020
3770 3778
3771 4847
3772 4570
3772 4317
3774 4596
3775 3780
3775 3785
3775 3803
3776 3803
3776 3785
3778 3793
3778 3783
3779 4516
3779 3788
3780 3800
3780 3785
3782 3977
3782 3900
3783 3793
3783 3806
3784 3936
3785 3800
3786 3917
3787 4605
3787 3966
3787 3953
3788 4516
3790 3792
3791 4266
3791 3829
3792 4353
3793 3806
3794 3803
3794 3800
3797 3917
3798 4020
3798 4164
3800 3803
3802 5166
3805 4052
3808 5087
3809 4726
3810 4664
3811 3821
3811 3827
3814 4876
3814 4112
3816 4841
3816 4793
3816 4846
3817 4846
3817 4841
3821 3919
3821 3827
3823 4301
3824 3900
3825 4116
3826 4703
3827 3949
3829 4664
3830 4588
3830 4079
3833 4458
3834 4831
3835 4674
3835 4729
3835 4901
3836 3859
3836 4520
3836 5129
3840 3969
3841 4454
3842 5002
3843 3950
3843 3995
3845 4339
3845 3916
3846 4234
3847 4168
3847 4596
3848 5043
3848 4494
3850 3853
3851 4114
3851 4576
3851 4777
3852 4625
3852 4098
3853 3932
3854 4248
3854 4467
3855 3955
3856 4320
3856 5026
3857 4347
3857 4327
3857 3918
3858 3955
3858 4735
3860 4897
3862 4143
3862 4316
3863 4301
3864 4926
3865 4219
3866 4110
3866 4609
3867 4413
3868 5003
3868 3870
3869 4090
3871 3908
3871 4077
3872 3876
3873 4366
3873 4737
3873 4726
3874 4846
3874 4793
3875 5101
3875 4019
3875 4716
3876 3922
3876 3998
3877 4993
3878 4146
3878 4010
3879 4034
3882 3883
3883 3915
3884 4334
3884 4143
3885 4381
3885 4020
3886 4952
3888 4121
3888 4044
3888 4039
3889 4075
3891 4447
3891 3897
3893 3971
3893 3923
3894 4343
3894 4534
3895 3905
3896 4598
3897 4719
3897 4447
3898 4864
3899 3907
3899 3903
3901 5122
3902 4460
3903 4813
3903 3907
3905 3908
3906 4339
3907 4035
3907 3985
3909 3969
3909 3967
3911 4876
3911 3912
3912 4596
3913 4057
3914 3981
3915 3917
3916 4618
3918 4519
3918 4327
3919 4876
3919 4143
3920 4121
3920 4044
3920 4039
3921 3928
3921 4033
3921 4041
3922 4406
3923 3971
3924 5032
3924 4834
3924 5035
3925 5136
3925 4572
3926 4126
3926 5070
3926 4018
3927 3960
3928 4039
3930 4072
3930 3944
3931 4442
3932 4175
3934 4364
3934 4649
3934 4756
3935 3974
3935 4120
3935 3939
3938 3940
3939 4461
3939 3991
3940 3941
3942 4603
3943 4525
3944 3948
3944 4641
3944 4072
3947 3972
3947 4357
3949 4393
3949 5007
3950 4598
3951 4193
3951 5000
3953 3966
3955 4776
3956 4134
3957 4962
3957 4865
3958 4597
3958 3975
3960 4573
3960 4572
3962 4081
3963 4596
3964 4572
3964 4326
3967 3969
3968 4448
3968 4960
3970 4140
3972 4357
3973 4784
3973 4143
3974 4275
3974 3980
3974 4120
3975 4597
3976 4405
3976 3978
3978 4977
3979 4451
3979 4265
3980 4120
3981 4937
3983 4263
3984 4307
3985 4035
3986 4876
3988 4603
3988 4343
3988 4095
3989 4142
3990 4170
3991 4065
3992 4208
3992 4126
3994 5122
3995 4568
3997 4596
3997 4023
4001 4266
4001 4403
4002 4596
4004 4516
4004 4306
4006 4040
4006 4014
4007 4361
4008 4876
4008 4216
4010 4146
4011 4140
4013 4100
4013 4106
4013 4956
4014 4040
4015 4097
4016 4876
4016 4940
4016 4607
4017 4984
4017 4193
4017 4533
4019 4235
4019 4167
4020 4274
4020 4527
4022 4025
4023 4712
4024 4912
4024 4246
4027 4876
4027 4612
4031 4061
4031 4076
4032 4958
4032 4655
4033 4603
4033 4041
4036 5134
4037 4722
4037 4710
4038 4244
4038 4999
4039 4121
4039 4044
4042 4056
4044 4121
4045 5171
4046 4890
4047 4121
4047 4049
4048 4265
4048 4451
4049 4092
4051 4062
4052 4096
4053 5143
4054 4596
4055 4676
4057 5115
4058 4758
4058 4065
4059 4074
4060 4312
4061 4076
4063 4064
4070 4912
4070 4246
4071 4180
4071 4163
4072 4641
4075 4876
4075 4335
4077 4397
4077 4627
4079 4588
4080 4117
4082 4112
4084 4596
4085 4274
4088 4857
4089 5122
4091 4366
4091 4411
4091 4372
4093 4187
4093 4636
4095 4519
4095 4343
4096 4179
4097 4778
4097 4781
4098 4625
4099 4876
4102 4139
4103 4876
4108 4412
4108 4112
4109 4205
4110 4393
4111 4404
4111 4114
4111 4181
4113 4839
4113 4207
4113 4732
4114 4777
4114 4576
4116 4370
4117 4820
4117 5122
4118 4267
4119 4649
4119 4756
4123 4811
4126 4208
4128 4275
4128 4231
4129 4143
4131 4764
4132 4299
4133 5149
4135 4856
4135 4183
4136 4160
4136 4702
4137 4857
4137 4206
4144 5100
4144 4604
4147 4180
4148 4462
4148 4214
4149 4244
4151 4243
4152 4461
4152 4688
4153 4346
4153 4758
4156 4296
4156 4229
4156 4922
4158 4596
4161 4360
4161 4424
4164 4432
4164 4191
4165 4167
4166 4876
4167 4221
4168 4596
4169 4247
4172 4928
4172 4724
4173 4840
4173 4521
4175 4734
4178 4506
4179 5011
4180 4286
4181 4404
4183 4711
4184 4961
4185 4526
4185 4410
4187 4189
4187 4239
4188 4605
4188 4410
4188 4675
4189 4398
4189 4239
4191 4432
4192 4239
4193 5000
4193 4533
4195 4927
4195 4858
4196 4410
4196 4661
4197 4613
4198 4474
4198 4239
4200 4515
4202 4270
4202 4236
4203 4374
4204 4693
4204 4413
4205 4213
4205 4358
4206 4402
4207 4839
4207 4313
4208 4346
4209 4583
4211 4568
4211 4402
4212 4747
4212 4876
4212 4263
4213 4358
4214 4455
4214 4462
4215 4344
4215 4257
4218 4369
4220 4756
4220 4288
4221 4235
4221 4923
4222 4261
4223 4546
4225 4409
4225 4302
4225 4446
4226 4456
4227 4420
4228 4598
4229 4922
4229 4296
4230 4233
4231 4275
4232 4461
4235 4425
4235 4501
4236 4271
4236 4270
4237 4616
4238 4872
4240 4485
4240 4411
4240 4269
4241 4474
4242 4831
4245 5017
4246 4672
4246 4648
4248 4467
4251 4369
4251 5161
4251 5022
4252 4437
4252 4785
4253 4437
4254 5138
4257 4344
4258 4787
4260 4793
4260 5067
4260 4264
4261 4511
4261 4269
4262 4436
4264 4846
4265 4451
4265 4319
4267 4756
4267 4315
4268 4578
4269 4411
4270 4271
4271 4669
4272 5138
4273 4925
4274 4527
4275 4458
4277 4281
4277 4289
4277 4292
4278 4912
4279 4466
4281 4289
4281 4292
4282 4299
4283 4899
4284 4715
4285 4338
4286 4327
4286 4343
4288 4756
4289 4292
4291 4309
4293 4346
4293 4301
4293 4428
4296 4922
4297 4603
4298 4605
4301 4408
4301 4514
4301 4346
4302 4450
4302 4446
4304 4427
4306 4343
4310 4593
4311 4892
4313 4839
4314 4506
4315 4898
4315 4861
4317 4771
4317 4394
4318 4563
4319 4451
4320 4925
4322 4377
4324 4326
4325 4329
4326 4536
4326 4431
4326 4443
4327 4347
4328 4336
4332 4873
4333 4432
4334 5143
4334 4339
4336 4950
4337 4876
4338 4846
4339 5143
4341 4789
4342 4526
4342 4505
4345 4787
4346 4514
4346 4362
4348 4686
4348 4890
4348 5094
4349 4692
4351 4988
4351 5042
4351 4951
4354 4841
4354 4793
4354 4846
4355 4751
4355 4874
4356 4841
4356 4846
4358 4359
4359 4400
4360 4412
4360 4424
4362 4514
4364 4756
4364 4649
4365 4411
4365 4372
4366 4372
4368 4461
4370 4546
4372 4516
4372 4411
4373 4556
4373 4421
4373 4478
4374 4404
4376 4455
4376 4661
4376 4774
4377 4626
4377 4415
4380 5178
4382 4389
4382 4387
4382 4385
4383 4513
4383 4579
4383 4386
4385 4484
4385 4387
4386 4579
4388 5047
4390 4652
4391 4399
4394 4570
4394 4771
4395 4548
4396 4454
4396 4800
4397 4627
4397 4987
4398 4474
4400 4596
4401 4596
4403 4461
4408 4464
4409 4610
4409 4438
4409 4446
4411 4516
4414 4596
4415 4626
4416 4439
4417 4491
4419 4455
4419 4700
4420 4937
4421 4581
4421 4911
4423 4975
4425 5024
4425 4501
4426 4967
4426 4919
4427 5138
4428 4476
4429 4852
4429 4728
4431 4580
4431 4552
4432 4525
4432 4630
4433 4822
4437 4785
4438 4696
4438 4610
4440 5089
4440 4736
4443 4536
4444 4479
4446 4519
4446 4485
4449 4997
4450 4499
4450 4524
4453 4812
4454 4800
4455 4704
4455 4661
4456 4508
4460 4665
4460 4832
4461 5138
4463 4629
4463 4991
4463 4576
4465 4596
4466 4519
4466 4497
4466 4685
4468 5113
4468 4822
4469 5129
4469 4540
4471 4568
4471 4497
4477 4708
4483 4649
4483 4574
4483 4512
4484 5039
4485 4519
4486 5157
4488 4527
4490 4705
4491 4642
4492 5128
4494 5094
4496 4550
4497 4685
4499 4524
4500 4950
4500 4711
4503 4941
4504 4572
4505 4526
4507 4572
4508 4856
4508 4950
4509 4510
4509 4619
4510 4619
4512 4594
4512 4574
4513 4594
4515 4812
4517 5003
4518 4753
4518 5078
4521 4692
4521 4840
4522 4573
4523 4903
4525 4630
4528 4535
4529 4544
4529 4530
4530 4700
4530 4788
4531 4596
4532 4596
4533 5000
4534 4659
4534 4670
4537 4615
4540 4811
4540 4541
4542 4587
4542 4549
4542 4565
4547 4561
4548 4783
4549 4587
4549 4565
4552 4580
4553 4878
4555 4560
4556 4673
4558 4680
4559 4840
4559 4692
4561 4848
4561 4584
4564 4719
4565 4587
4566 4631
4567 5034
4567 4570
4569 4612
4570 4771
4571 4598
4571 4591
4571 4577
4572 5136
4572 4573
4573 4666
4575 4578
4576 4777
4577 4591
4577 4598
4581 4911
4584 4704
4585 4925
4585 4949
4585 4775
4586 4645
4589 4831
4590 4669
4591 5007
4591 4598
4593 4816
4595 4944
4600 4855
4602 4760
4604 5100
4605 4675
4606 4739
4606 5034
4607 4940
4610 4659
4610 4640
4615 5122
4616 4743
4618 5021
4618 4772
4620 4791
4623 4811
4623 4853
4624 4664
4627 4987
4628 4637
4628 4963
4629 4991
4632 4952
4633 4639
4634 4876
4635 4856
4636 4638
4637 4963
4640 4659
4642 4876
4643 4674
4643 4647
4643 4729
4644 4756
4644 4694
4646 4811
4647 4906
4647 4729
4647 4674
4648 4672
4649 4756
4650 4906
4650 4674
4651 4840
4651 5011
4652 5130
4653 4906
4653 4729
4653 4674
4656 4972
4658 4906
4658 4674
4658 4896
4659 4696
4660 4874
4660 4817
4660 4804
4662 4840
4663 4671
4663 4676
4663 4673
4671 4676
4671 4673
4673 5065
4673 4676
4674 4906
4674 4729
4678 4686
4679 5060
4683 4906
4691 5041
4691 5024
4692 4840
4694 5066
4697 5112
4697 4822
4697 5114
4699 4703
4701 4840
4709 4783
4709 4845
4710 4722
4711 4950
4713 4893
4714 4972
4714 4742
4714 4717
4715 4741
4715 4757
4715 4731
4716 5131
4717 4972
4717 4742
4718 4963
4719 4990
4719 4877
4720 5007
4720 4981
4724 4928
4725 5159
4726 4737
4728 4731
4731 4741
4731 4757
4734 5105
4735 4776
4738 4876
4739 5122
4740 4809
4740 4836
4740 4744
4741 4757
4742 4972
4744 4809
4744 4836
4745 4802
4745 4827
4746 4917
4747 4975
4748 5173
4748 5105
4749 4750
4750 4829
4753 5078
4758 4809
4758 4836
4766 4851
4766 4778
4766 4815
4772 5172
4772 5021
4774 4799
4775 4949
4778 4942
4779 4925
4780 4934
4782 5018
4786 5107
4786 4970
4789 4980
4790 4875
4792 4888
4792 4985
4792 5073
4793 4841
4793 4846
4795 4798
4795 5014
4796 4841
4796 4846
4797 4841
4797 4846
4798 5014
4801 4803
4801 5023
4802 4827
4803 5023
4804 4817
4804 4894
4805 4895
4807 5145
4808 4893
4809 4836
4810 4935
4810 4923
4810 4818
4812 4853
4815 5079
4815 4851
4817 4874
4818 4935
4818 4923
4822 5114
4822 5113
4822 5112
4824 4876
4824 5138
4825 4868
4825 4910
4826 4829
4826 5159
4828 4945
4829 5159
4830 5145
4834 5032
4834 4838
4834 5035
4835 4866
4838 5035
4838 5032
4841 4846
4843 5077
4843 5079
4848 4953
4849 5173
4850 5070
4856 4912
4856 4947
4858 5127
4859 4958
4861 4898
4863 4876
4863 4867
4864 4902
4865 4927
4867 4913
4868 4910
4868 5144
4877 4990
4878 5093
4879 5007
4885 5000
4885 4889
4885 4886
4886 5000
4886 4889
4888 5073
4889 4959
4890 4951
4891 4897
4896 4906
4897 4984
4898 5086
4901 4906
4903 5129
4905 4928
4905 5104
4905 5103
4907 5029
4908 4914
4908 4909
4908 4918
4909 4914
4909 4918
4914 4918
4915 5106
4915 5033
4916 5050
4919 4967
4921 5062
4921 5065
4923 4935
4924 5103
4924 4930
4925 4947
4926 4931
4929 4957
4929 4948
4929 4964
4930 4996
4930 5103
4931 4939
4932 4939
4933 5028
4945 5066
4948 5052
4948 4964
4948 5174
4950 4953
4951 5042
4956 5115
4957 4964
4957 5174
4959 5000
4962 5002
4964 5174
4966 4980
4968 4970
4969 4995
4973 5174
4979 5020
4986 5034
4988 5040
4988 5042
4989 5004
4989 5037
4993 5156
4993 5149
4995 5025
4996 5103
4996 5104
4998 5004
4998 5071
5004 5071
5004 5037
5008 5096
5008 5127
5009 5194
5014 5061
5015 5125
5015 5118
5015 5120
5016 5074
5022 5161
5024 5041
5025 5172
5026 5179
5030 5075
5030 5084
5030 5058
5031 5052
5031 5174
5032 5035
5033 5097
5033 5106
5036 5119
5036 5056
5040 5093
5045 5064
5051 5156
5052 5088
5056 5119
5058 5076
5058 5085
5058 5075
5062 5065
5063 5133
5066 5180
5071 5152
5072 5138
5074 5185
5075 5076
5075 5085
5076 5085
5077 5079
5080 5115
5083 5113
5083 5112
5084 5116
5084 5097
5088 5183
5088 5175
5090 5143
5096 5127
5097 5116
5098 5155
5098 5111
5098 5150
5099 5141
5101 5130
5102 5167
5105 5173
5110 5148
5110 5157
5111 5150
5111 5151
5112 5114
5112 5113
5115 5134
5116 5190
5118 5125
5118 5120
5120 5125
5121 5134
5123 5146
5136 5172
5140 5170
5140 5160
5144 5170
5148 5157
5150 5155
5150 5151
5153 5162
5158 5193
5158 5166
5160 5170
5163 5164
5166 5193
5167 5168
5171 5172
5177 5190
5186 5194
5187 5188
